32,32
9,27
16,12
20,10
20,35
35,34
21,38
41,12
26,42
25,16
37,26
17,51
16,26
22,12
41,30
11,30
46,23
30,23
24,24
24,21
26,21
27,12
11,20
19,33
22,29
18,27
46,22
35,28
12,18
22,22
0,33
8,29
27,30
26,32
41,34
28,34
29,23
15,14
17,27
27,38
34,18
21,29
15,38
25,26
28,31
25,16
32,25
18,13
22,29
37,26
31,24
23,24
10,20
10,32
28,26
11,21
36,23
13,11
18,32
37,27
23,11
40,18
18,31
29,18
5,8
30,22
34,17
54,32
20,24
20,30
25,20
24,4
8,26
18,25
35,29
30,20
22,30
29,5
29,25
26,4
16,19
31,19
17,25
7,24
35,16
35,30
3,33
39,29
23,47
20,36
21,9
43,27
26,29
36,18
20,21
22,29
26,34
26,25
13,39
38,27
22,15
24,20
22,23
18,26
22,27
6,26
32,28
35,30
25,25
31,28
13,14
29,24
16,17
34,27
43,18
32,40
26,28
30,31
43,38
28,28
34,25
19,31
31,38
29,36
13,31
24,27
21,28
10,44
18,37
17,39
22,20
34,13
34,22
21,12
29,38
27,22
30,9
37,25
36,10
14,22
14,36
23,18
37,19
20,23
63,29
39,11
21,19
20,28
10,19
33,15
17,22
32,28
22,32
31,20
25,22
39,24
23,12
19,31
24,29
2,12
25,30
23,16
12,31
21,4
39,21
16,14
41,21
21,34
36,32
28,26
25,17
17,12
19,38
29,36
26,22
19,8
13,18
22,13
34,43
