36,23
16,23
12,19
28,28
24,22
50,21
31,24
29,11
15,8
24,43
26,29
26,27
13,23
26,35
30,24
24,25
16,19
14,35
24,22
17,21
36,25
42,9
21,28
35,14
20,12
3,26
30,7
19,38
29,26
11,26
16,18
24,22
25,13
44,44
29,14
23,2
10,7
29,25
26,43
28,31
33,20
35,20
29,24
30,40
41,18
20,26
35,32
28,26
37,22
16,10
31,23
16,19
24,42
28,20
41,26
28,35
33,26
27,25
24,32
34,6
35,28
39,36
35,31
16,29
8,11
24,24
29,20
28,25
0,13
30,28
10,29
44,31
30,36
30,24
27,36
13,19
32,30
25,13
32,26
14,34
17,30
21,29
36,28
25,25
41,10
17,14
22,23
42,42
20,19
20,12
26,25
40,17
23,23
23,16
0,39
32,18
17,23
38,30
10,21
10,28
24,41
17,13
22,15
27,28
40,14
8,24
27,26
29,40
16,10
37,28
12,31
28,4
37,34
26,43
20,23
23,40
16,30
51,30
20,41
20,24
31,17
25,22
23,17
15,23
31,24
31,33
24,15
32,30
16,36
19,39
21,15
23,16
28,36
36,20
41,6
26,30
38,16
22,11
19,36
50,23
