20,20
20,9
22,21
26,8
39,23
15,28
24,22
35,19
19,10
5,8
6,15
26,14
28,19
51,23
13,8
20,6
35,24
30,27
26,24
24,14
32,10
1,12
19,29
33,15
32,7
10,18
20,11
39,29
27,16
15,26
31,29
14,10
21,1
43,16
24,25
27,24
14,3
25,20
11,6
38,10
25,10
18,29
16,7
30,6
15,15
23,13
18,18
15,5
14,5
23,27
13,27
31,29
11,8
27,21
17,29
29,2
30,25
17,14
18,26
24,29
36,27
22,12
42,29
21,19
12,27
40,20
36,19
25,7
50,4
12,9
11,26
22,17
40,21
37,13
18,6
32,26
17,11
32,12
17,29
32,1
25,5
26,11
17,29
26,12
25,23
25,7
38,28
43,3
26,15
33,9
26,25
24,3
28,6
18,4
12,5
32,5
25,25
24,18
10,5
46,1
29,16
13,8
22,15
30,23
15,8
50,5
29,2
42,25
26,1
19,4
34,16
38,11
22,1
19,14
28,21
19,18
33,4
12,2
29,17
24,3
25,4
34,25
13,25
33,27
28,17
25,4
35,11
28,29
33,6
37,10
23,6
33,24
27,3
21,16
21,5
41,8
14,1
33,26
20,7
19,10
20,9
19,20
38,5
24,26
22,12
34,14
30,3
46,23
33,22
28,17
11,16
27,8
16,7
18,9
23,19
43,5
8,19
28,24
19,28
30,23
6,5
21,29
8,20
29,10
32,4
24,2
