10,15
25,20
9,3
26,18
23,40
2,28
29,38
16,16
21,7
11,43
17,22
2,44
26,41
26,16
15,42
8,30
25,7
6,9
15,29
11,34
8,7
20,15
8,30
7,29
22,19
5,30
27,20
29,32
20,15
18,20
9,26
21,21
23,17
22,27
3,23
28,14
24,36
6,30
9,39
1,35
29,41
4,20
22,19
21,29
17,10
3,13
0,27
5,16
14,30
8,28
16,26
5,24
19,14
6,22
9,18
3,36
11,21
6,31
27,28
22,23
20,22
13,7
13,19
4,29
21,44
17,35
18,24
21,29
26,29
26,13
17,10
7,30
25,20
14,30
15,25
26,14
7,16
11,30
15,25
5,41
12,27
8,14
27,38
22,18
0,30
25,24
27,44
15,3
27,34
13,21
1,37
11,23
16,29
29,32
0,4
18,37
0,15
17,13
0,18
8,35
