18,31
11,28
6,25
25,14
23,28
8,20
20,22
15,22
5,17
16,13
20,24
28,33
5,26
7,26
21,37
1,37
14,22
13,20
24,19
4,20
18,4
3,39
28,31
8,16
21,37
18,43
8,38
25,48
9,33
27,39
8,16
21,36
23,10
9,13
3,23
28,14
10,23
4,32
16,11
18,20
24,19
29,25
11,8
1,15
0,32
15,43
27,20
24,28
24,34
3,11
24,25
17,27
1,24
24,36
23,16
23,20
28,19
8,33
17,37
12,33
1,27
5,17
24,32
23,27
10,12
4,43
1,30
8,16
0,19
1,24
5,42
18,35
24,20
24,25
22,27
26,31
15,16
15,30
0,23
1,28
14,12
14,45
20,44
24,12
13,24
15,14
16,33
0,9
24,22
14,19
8,23
8,24
23,30
13,12
22,18
25,29
18,39
26,33
12,20
6,18
1,11
4,8
9,33
0,19
14,23
5,10
28,29
10,12
0,23
3,8
15,14
26,11
8,18
27,26
4,36
20,29
24,16
4,41
3,25
16,14
4,25
28,26
7,22
29,13
0,37
16,14
21,25
1,28
29,42
5,40
9,20
24,8
3,33
21,25
25,29
21,39
17,27
3,29
1,16
21,35
23,15
16,18
14,23
26,19
0,26
6,33
25,20
10,24
6,26
27,32
13,16
29,12
19,16
14,16
15,15
20,20
29,39
26,17
0,14
4,12
22,18
26,27
10,31
29,36
8,32
15,25
9,7
25,32
22,17
6,15
2,25
16,37
11,44
22,24
13,18
10,29
24,30
27,16
16,19
16,30
28,29
27,47
28,27
8,30
12,22
6,19
13,30
