22,36
16,19
25,32
4,8
26,25
2,23
0,32
1,28
7,30
1,35
25,20
5,22
15,43
26,15
3,5
12,25
24,12
14,5
16,17
27,22
29,2
7,49
24,25
15,32
24,25
16,23
10,25
3,36
16,19
22,47
17,12
14,26
0,13
14,5
1,25
5,25
12,14
2,24
6,32
8,49
21,19
18,33
3,17
7,38
3,38
27,28
2,11
4,38
18,19
28,27
15,30
10,11
1,34
17,33
28,32
2,27
16,27
1,27
18,27
2,27
10,37
20,19
24,14
15,19
17,23
25,44
18,29
17,27
18,28
1,11
6,21
25,31
29,34
14,30
17,24
5,20
4,30
13,14
7,27
24,25
28,20
20,29
29,19
13,28
28,20
18,20
23,23
2,15
8,26
26,21
12,25
26,29
25,39
19,14
0,40
26,24
11,31
3,18
26,17
23,15
28,21
24,27
19,31
5,20
28,27
29,15
25,45
1,22
7,31
12,12
28,28
4,23
6,45
14,25
3,25
21,32
28,22
29,37
2,24
11,9
1,17
17,44
27,27
20,23
22,32
18,12
14,21
4,23
14,20
