17,22
37,12
30,3
21,25
20,20
32,21
28,1
26,6
20,2
16,28
46,5
27,29
30,16
42,11
27,9
11,8
30,4
27,11
1,6
37,13
24,2
43,7
18,10
34,27
22,22
36,7
11,16
21,8
37,5
32,6
39,11
22,20
11,26
38,13
35,7
23,6
19,27
19,24
23,9
35,21
26,18
31,3
21,15
23,20
17,26
43,21
11,8
32,6
50,24
17,11
36,18
18,22
30,14
30,26
18,12
27,12
25,16
35,24
20,9
28,14
16,16
36,6
21,28
16,3
30,26
15,17
13,5
36,26
15,24
31,5
43,18
29,16
32,9
27,1
9,16
15,18
28,28
26,1
17,7
22,23
25,21
34,12
20,11
26,24
27,26
50,20
39,21
13,8
12,26
29,11
13,7
16,7
15,12
48,17
14,27
32,6
20,14
6,2
21,12
27,9
19,10
19,17
16,3
7,13
47,25
4,26
10,26
30,23
12,2
13,13
34,13
21,17
9,29
23,7
25,19
20,11
16,10
0,26
18,24
18,23
35,17
37,16
29,10
4,23
34,7
17,18
23,5
37,3
20,4
19,4
33,13
26,14
11,13
1,2
16,27
20,9
13,8
34,28
38,16
14,15
33,22
35,8
17,16
34,9
34,28
30,21
24,9
22,23
25,14
31,2
49,12
25,11
43,23
13,6
33,19
20,23
30,16
41,24
32,11
27,24
20,24
18,14
17,27
30,29
23,9
18,14
26,11
22,21
30,23
25,6
30,13
8,17
