31,34
9,21
42,17
16,27
33,21
25,27
27,24
11,31
28,19
24,26
26,20
23,19
21,4
21,36
3,23
21,21
29,22
17,8
32,27
24,46
6,20
8,40
20,38
24,27
35,29
33,17
22,36
12,20
47,31
22,14
30,19
15,24
44,14
42,25
38,24
18,37
27,15
9,42
16,27
28,39
27,26
38,29
27,44
38,40
31,26
30,23
22,20
22,24
39,22
15,41
22,32
41,21
9,40
32,30
51,35
31,25
33,23
33,28
33,32
29,35
31,18
42,34
45,3
25,10
25,36
26,34
31,24
33,23
12,26
32,41
14,11
39,24
24,36
21,28
43,13
22,13
15,15
38,11
21,34
26,15
24,37
26,29
13,23
31,24
26,16
30,14
34,14
21,21
9,19
45,25
26,26
18,26
38,29
17,22
26,27
17,27
13,24
38,18
23,19
38,11
35,13
24,53
29,16
25,20
11,31
32,14
39,8
23,18
18,21
35,30
35,35
33,33
31,19
22,28
15,8
23,32
30,37
16,32
38,16
15,20
17,23
22,2
23,21
24,39
26,18
34,34
16,9
28,38
19,16
