17,15
36,22
34,20
24,8
24,6
34,18
28,8
17,10
15,13
18,7
36,14
25,3
26,6
16,18
57,29
26,3
35,4
33,7
30,25
25,28
15,7
10,6
40,20
10,18
25,16
14,7
14,10
39,16
23,5
21,4
36,18
16,12
40,23
19,22
29,14
25,4
34,22
21,10
20,14
21,19
16,9
25,20
18,2
24,27
35,16
45,2
0,19
48,12
40,29
30,15
46,3
25,29
18,26
40,25
23,4
12,11
19,16
17,26
28,21
14,5
20,20
44,23
25,19
38,3
38,4
16,18
18,1
36,4
12,24
21,8
29,20
21,21
24,3
13,22
29,10
24,20
25,24
37,3
11,22
17,29
22,26
21,7
37,4
21,12
4,21
20,9
29,12
28,2
29,1
25,10
19,5
25,4
45,12
28,29
33,15
21,22
39,16
34,10
9,23
20,10
32,16
1,13
37,24
26,24
25,16
33,24
15,8
