16,12
23,1
17,7
42,9
31,23
16,13
30,3
21,3
21,23
29,21
7,24
16,4
22,24
15,9
28,14
18,19
29,20
22,13
16,8
36,25
28,16
18,22
41,15
16,7
35,20
29,10
20,6
17,11
24,11
41,12
48,25
25,10
49,21
22,5
41,19
25,5
16,20
29,18
26,15
31,9
5,1
18,25
19,20
26,22
13,17
24,3
24,25
40,21
28,21
17,6
22,15
19,13
26,5
19,10
11,20
31,19
25,27
33,22
25,16
37,24
27,10
19,26
0,27
27,2
39,27
27,2
2,1
35,23
21,16
33,18
25,27
2,25
19,12
32,27
17,29
19,7
34,23
11,10
30,5
29,26
11,17
31,12
19,10
29,24
21,19
29,15
35,10
23,7
40,29
17,4
22,17
30,12
54,26
13,18
22,10
24,24
43,12
23,28
33,12
24,21
23,7
32,5
18,22
36,11
43,10
19,7
6,16
34,21
31,1
28,22
22,14
36,7
26,15
28,25
15,25
26,7
25,13
16,7
21,10
21,2
12,15
37,1
27,9
31,10
16,4
20,6
15,2
18,7
25,14
3,25
15,5
31,29
26,28
21,3
30,8
30,21
14,19
42,2
25,7
35,10
26,25
