30,27
21,19
17,15
34,37
31,31
27,31
9,5
11,25
15,21
35,16
36,30
37,18
3,11
26,16
17,40
21,20
40,26
39,33
31,23
15,16
38,32
45,23
10,36
30,26
24,32
17,25
38,16
26,24
14,24
25,16
23,38
16,25
32,10
15,38
10,19
20,31
43,28
24,18
12,22
20,44
22,11
28,9
21,20
35,41
37,20
31,28
13,27
24,21
22,45
20,19
25,36
28,31
45,19
15,18
11,33
29,35
11,24
27,44
55,48
23,34
3,12
23,28
2,5
27,17
38,4
37,25
53,20
18,40
33,26
36,21
18,29
18,17
31,24
27,49
5,30
27,24
31,20
26,23
33,28
24,36
26,25
33,49
23,33
28,27
5,16
22,33
10,28
18,32
22,30
31,34
9,18
6,31
35,4
28,34
31,25
22,47
24,30
17,36
10,23
10,28
18,16
29,30
21,11
28,15
25,35
8,9
22,28
39,28
20,18
31,21
15,24
25,23
13,26
13,15
38,48
20,43
3,34
31,25
22,25
27,20
28,31
27,21
27,14
29,10
21,16
33,25
30,8
20,35
40,32
11,17
40,31
46,17
20,4
19,29
20,26
25,22
16,19
33,23
23,24
12,36
21,28
16,13
42,22
25,26
20,25
21,30
25,17
8,39
30,13
5,31
26,34
24,32
24,19
37,20
14,32
27,18
22,32
15,15
6,7
29,32
22,18
40,23
1,11
17,24
16,22
15,24
35,29
7,32
22,17
15,31
29,7
27,11
12,37
39,23
40,22
30,33
8,32
23,32
18,15
28,32
30,46
22,38
21,29
34,24
14,21
23,27
22,23
22,22
27,11
