4,4
27,18
12,12
21,32
9,32
25,3
25,33
29,26
12,35
27,24
17,22
7,33
11,30
23,25
2,28
12,18
12,25
18,41
16,50
0,25
13,22
18,34
14,32
20,30
22,21
17,23
23,16
11,22
23,15
0,25
16,13
21,18
1,21
21,19
14,29
24,44
12,35
27,27
4,24
7,38
0,29
0,36
20,26
10,23
12,11
14,15
28,9
4,22
25,31
15,22
8,13
7,10
8,31
20,25
10,31
6,24
14,31
26,20
4,14
3,31
19,25
18,39
13,27
27,26
4,33
0,28
26,30
19,31
13,23
11,22
1,29
5,27
8,6
1,30
5,38
4,40
16,22
23,39
17,23
0,14
16,25
11,15
9,38
25,10
16,30
4,19
17,13
18,20
20,9
22,36
21,7
29,20
23,23
14,30
1,11
2,22
19,35
23,22
4,21
18,22
14,31
26,15
6,15
16,27
5,33
24,21
12,21
11,39
20,15
