25,18
1,32
15,27
23,29
27,27
29,20
19,22
14,18
8,32
14,26
22,24
15,30
3,33
19,32
8,38
26,39
12,11
1,19
25,33
2,30
23,18
21,29
6,18
15,37
28,24
17,33
15,21
17,33
18,34
8,18
3,28
17,15
12,22
11,19
6,31
6,24
11,34
15,28
21,15
24,28
3,34
3,25
16,5
11,19
29,40
11,29
22,40
15,34
27,15
16,26
9,24
24,26
1,18
10,15
21,15
27,21
15,42
7,16
10,15
18,27
17,9
22,30
21,35
13,20
16,21
20,17
17,18
18,26
11,15
0,15
12,16
25,28
7,22
15,13
29,5
17,22
2,34
19,22
29,24
1,39
1,25
24,20
19,33
21,48
8,18
4,26
15,21
12,32
5,19
15,4
11,27
0,38
1,32
14,29
8,21
1,21
0,38
24,23
7,28
18,32
11,31
3,19
13,32
2,16
8,26
26,22
6,24
22,24
28,30
4,29
18,6
5,23
11,24
13,28
11,19
6,23
13,42
21,16
7,29
18,33
21,31
25,23
19,23
20,37
22,24
3,30
3,40
21,25
26,22
12,20
14,40
19,24
28,27
10,23
10,32
6,16
7,15
26,22
8,9
25,33
25,36
11,23
9,28
21,19
11,39
3,10
11,20
7,44
15,30
21,18
17,15
18,31
7,18
7,23
23,46
29,4
24,23
22,25
26,23
2,20
19,32
23,17
6,18
20,36
13,26
16,24
3,6
1,32
27,30
