30,28
40,25
16,25
31,13
14,31
31,31
40,10
5,33
20,20
35,25
28,19
17,27
29,37
28,28
16,24
12,6
42,29
33,23
25,37
27,19
22,16
28,37
30,19
17,44
11,21
6,30
30,25
15,25
15,39
55,27
23,32
1,26
38,22
19,36
36,26
42,19
12,29
11,37
28,30
35,20
22,25
14,44
21,26
31,16
24,26
2,28
13,38
35,34
45,19
21,23
17,15
15,17
29,25
19,40
36,45
33,10
44,20
26,43
33,19
25,46
21,24
5,33
25,34
20,40
22,16
18,16
19,23
25,43
36,24
32,35
28,20
19,48
22,28
41,16
30,32
13,7
51,41
24,22
35,31
9,32
17,14
37,25
5,25
29,23
4,26
21,44
29,27
23,31
0,33
17,28
22,19
17,6
25,27
16,19
19,30
21,17
6,8
28,18
30,23
37,27
17,12
17,25
17,14
20,29
18,34
31,39
16,40
26,25
38,24
12,26
36,21
24,18
26,20
20,35
36,35
31,33
38,33
31,25
27,28
18,14
22,29
11,19
34,31
23,20
37,22
21,17
17,48
26,35
8,18
25,26
31,17
29,30
29,41
36,30
29,21
22,15
24,26
29,26
35,25
5,42
20,30
17,33
24,38
30,24
30,22
29,32
38,18
