25,13
12,36
17,17
33,16
24,15
10,30
6,18
47,31
19,12
26,22
39,21
30,15
45,25
24,24
21,37
22,21
21,23
22,27
19,29
10,23
23,24
10,25
38,23
48,16
28,31
35,13
21,6
21,31
12,25
25,36
29,20
30,23
40,30
15,23
23,32
17,24
24,24
15,25
12,13
21,41
19,17
9,17
9,21
23,16
20,16
27,35
23,21
20,32
32,24
30,36
22,14
24,43
50,33
37,17
13,27
35,27
27,29
19,34
0,26
26,15
18,27
30,31
24,21
10,27
23,11
25,42
13,15
30,28
27,39
26,20
18,11
51,19
36,34
15,18
33,34
24,32
25,21
25,21
24,32
5,28
27,25
24,16
15,11
36,25
48,27
10,37
15,5
17,43
37,19
24,22
19,19
23,31
35,19
29,31
32,35
20,34
14,26
14,41
