32,12
20,26
16,18
16,22
13,38
12,30
11,7
18,2
9,22
16,7
19,21
21,38
17,16
33,5
22,27
38,18
27,20
22,14
23,22
34,21
23,27
18,28
34,24
35,7
17,29
25,22
33,31
41,12
16,24
6,18
21,21
30,37
33,22
28,26
37,32
21,22
41,13
23,10
19,14
42,18
22,21
25,11
28,25
38,9
17,33
24,31
19,23
40,31
18,33
63,47
40,14
19,17
50,10
25,11
50,37
19,23
19,15
21,20
27,11
31,28
23,33
35,24
11,18
32,36
23,22
9,15
21,15
26,18
26,26
30,30
18,30
30,14
17,26
29,15
27,33
12,44
28,21
38,9
38,25
9,13
31,16
11,15
9,23
28,25
6,24
14,38
40,24
35,36
26,17
26,25
18,17
39,25
29,33
26,25
15,22
29,23
32,31
27,17
21,36
29,49
31,8
11,5
50,20
21,12
36,35
20,24
14,30
23,14
28,29
29,20
25,37
34,23
30,26
16,14
30,18
30,35
19,43
17,32
20,26
28,10
1,5
35,20
36,37
32,3
26,10
21,16
30,39
36,27
22,18
12,24
2,21
6,39
21,16
25,10
32,33
15,20
26,12
28,40
23,26
15,26
15,20
19,32
19,44
15,21
30,23
28,20
40,6
24,35
34,26
2,24
39,20
30,2
19,31
18,25
19,25
24,24
20,29
32,4
