22,22
24,15
31,15
15,18
8,2
21,10
18,27
15,23
10,4
27,4
10,4
28,24
18,7
40,12
12,12
33,5
16,23
28,18
18,23
28,9
33,7
25,29
32,19
29,1
22,4
21,9
37,12
28,26
33,2
14,15
16,21
25,7
12,21
44,25
15,13
14,4
26,10
24,16
32,14
35,13
33,21
10,19
18,28
37,20
34,3
27,23
20,8
24,5
27,13
35,9
9,25
18,29
9,4
22,2
7,29
23,18
28,24
9,20
53,10
29,22
27,14
27,25
25,6
28,1
14,8
20,11
25,8
7,18
23,21
25,11
41,21
10,1
15,27
29,8
28,6
48,21
34,26
25,23
25,28
14,3
30,29
13,7
32,14
28,13
21,6
30,27
16,27
14,27
10,20
21,26
24,20
9,13
4,10
21,24
1,22
27,17
21,3
23,19
22,4
8,10
22,27
37,12
55,9
11,2
33,9
41,7
19,22
28,26
15,8
25,13
25,4
16,8
27,10
48,7
30,19
25,23
26,27
30,15
4,17
20,21
26,17
15,18
8,5
30,9
36,8
38,23
48,15
24,10
32,13
23,23
30,1
9,15
21,5
23,15
19,7
35,13
12,2
28,5
24,14
41,6
13,28
46,26
22,17
28,4
24,6
29,20
19,1
21,5
21,26
32,29
34,9
23,5
32,26
27,26
33,11
26,13
10,19
40,20
30,22
35,12
27,22
28,6
25,21
29,26
36,16
17,21
10,8
16,8
5,7
25,11
30,8
18,22
43,5
8,18
14,10
21,25
44,10
13,25
21,11
35,19
17,13
44,16
32,6
15,29
25,1
