28,25
20,4
27,11
14,7
32,9
12,10
38,12
21,11
19,5
14,21
13,27
21,12
34,7
36,11
15,4
32,12
32,17
32,16
20,20
11,12
38,27
10,23
25,25
17,15
18,20
36,18
26,21
11,2
23,19
9,6
21,2
36,15
29,22
22,15
23,11
23,9
25,9
27,24
44,18
35,29
25,25
30,5
33,17
39,29
19,15
12,6
23,11
35,3
26,13
12,7
27,18
13,15
17,4
37,11
18,10
33,19
19,3
20,17
19,23
15,15
42,4
25,15
28,21
16,10
31,5
16,17
37,27
13,25
30,18
22,4
32,16
33,10
19,2
31,15
40,16
18,9
27,16
43,9
10,26
33,3
16,18
30,1
35,28
25,28
29,23
36,12
30,8
17,24
39,12
33,25
20,22
29,7
26,21
37,13
5,25
30,25
24,11
17,4
20,26
37,27
17,6
37,4
20,2
40,17
7,27
32,21
29,25
10,10
23,1
23,19
22,16
22,14
18,22
17,14
32,24
19,7
19,17
25,7
43,16
35,9
19,20
35,12
32,2
7,5
41,6
13,13
9,23
19,26
23,1
23,27
