17,25
24,16
4,28
24,31
25,30
8,27
1,25
26,25
23,15
9,16
5,36
29,18
12,8
19,34
22,21
2,21
1,25
23,27
18,42
0,3
24,21
23,36
17,5
21,22
8,11
16,53
17,40
2,12
8,23
17,26
6,23
22,19
5,11
16,31
3,13
23,22
5,32
17,31
7,25
28,23
15,38
7,18
9,28
16,20
25,8
24,29
15,15
16,41
9,26
27,18
17,40
1,29
13,20
20,32
24,9
24,25
19,29
27,20
13,22
17,35
3,22
6,23
7,23
27,44
11,12
11,28
3,20
20,35
27,34
26,20
21,18
18,10
14,27
18,17
16,22
28,40
22,19
6,23
10,36
19,26
4,18
8,25
5,25
19,17
25,37
6,34
15,30
1,16
10,43
29,35
2,19
7,27
11,18
1,33
22,4
3,36
19,28
2,33
21,27
1,20
9,42
26,26
12,25
8,40
24,38
24,31
5,31
4,17
14,35
14,28
4,24
1,27
18,25
11,22
17,34
11,17
20,24
4,26
16,15
13,21
10,24
12,16
16,33
29,22
15,13
21,34
8,30
10,16
21,24
24,36
13,34
0,35
0,23
4,22
4,21
21,9
12,26
1,27
2,21
12,21
10,31
4,15
1,33
29,32
21,6
0,42
15,26
6,7
4,9
10,29
2,37
12,40
14,33
6,19
16,28
21,29
20,9
24,16
16,22
8,29
10,40
8,17
25,54
18,16
0,19
14,35
28,34
26,19
20,23
0,19
7,43
10,27
3,38
14,17
10,45
0,19
9,15
26,15
1,22
