11,33
34,32
21,32
10,30
30,26
17,27
26,2
39,4
12,29
13,42
37,41
17,33
33,24
26,11
49,18
22,17
38,21
18,23
9,34
20,32
25,29
0,36
30,15
40,10
9,3
41,36
38,39
17,8
21,33
30,14
35,22
23,20
26,19
40,19
28,23
30,37
23,26
36,18
28,19
15,24
31,28
33,18
32,12
32,28
34,29
18,24
18,18
18,26
43,27
33,10
9,9
32,21
24,20
31,31
23,37
45,33
24,25
27,21
30,8
24,33
29,37
20,24
3,37
6,30
44,10
24,41
18,25
22,39
25,32
15,20
21,26
35,29
27,35
37,23
12,20
22,41
26,13
31,17
24,21
21,29
42,35
18,11
22,34
26,19
22,18
23,42
30,24
28,18
3,36
12,22
29,23
26,22
21,28
27,28
33,23
29,17
21,30
27,31
16,26
24,37
26,17
34,32
43,41
27,28
19,21
34,29
40,14
45,35
