24,9
33,6
37,15
8,20
13,27
14,22
10,37
15,23
26,10
14,23
14,22
21,38
29,36
8,31
32,24
30,11
22,8
31,22
16,33
28,9
38,27
3,27
24,29
40,10
19,29
26,5
46,33
41,27
25,27
27,21
33,2
27,32
20,10
23,21
18,2
44,30
23,33
37,12
34,20
25,41
26,12
17,25
29,23
20,25
25,35
22,36
19,43
17,14
24,18
32,17
24,24
24,34
9,14
23,31
36,21
8,28
30,12
14,20
36,25
4,24
21,28
16,12
38,28
27,28
7,28
14,19
25,56
30,38
23,23
27,38
16,30
33,33
1,10
20,19
39,21
0,34
35,36
21,23
31,19
31,22
34,30
8,32
34,17
10,14
33,27
33,28
44,39
29,12
38,13
35,31
23,18
30,19
36,17
29,34
13,13
16,39
38,33
19,28
9,44
17,35
6,34
27,5
30,36
31,13
16,38
9,33
21,28
29,13
26,9
26,10
13,17
24,17
17,13
44,28
18,30
14,19
6,42
14,29
26,26
14,18
30,38
26,26
44,35
33,27
49,24
29,23
36,8
15,32
8,42
34,3
17,31
28,33
24,23
34,27
26,33
22,35
18,16
25,31
13,24
20,34
39,24
32,45
25,25
33,13
18,17
24,26
10,17
20,22
33,29
24,28
17,25
25,16
21,21
40,22
39,38
21,20
26,19
20,19
15,9
9,11
27,31
14,35
26,13
19,14
19,19
14,30
45,19
