26,18
22,26
23,28
13,29
19,30
19,22
32,30
30,28
36,25
26,25
24,31
26,21
28,38
18,13
10,22
33,32
41,19
30,18
22,3
38,28
37,21
13,38
27,20
37,14
27,18
9,30
21,5
26,12
22,21
14,9
46,28
25,27
0,25
17,29
14,11
15,25
26,16
14,21
26,20
28,5
20,21
22,14
37,35
29,24
25,37
23,21
34,18
31,31
43,18
22,28
8,12
17,18
26,23
30,30
19,24
18,34
15,16
20,26
31,27
20,6
22,39
25,15
27,35
19,32
10,16
24,24
28,15
38,35
19,36
19,26
3,30
26,13
23,7
21,17
5,39
26,19
17,10
19,43
31,26
46,4
19,36
37,36
18,29
12,46
11,24
14,16
54,26
19,19
36,27
54,22
25,21
28,24
6,29
13,24
32,32
12,18
28,30
38,18
20,27
26,27
26,32
26,24
17,46
22,36
40,26
30,12
21,29
17,13
10,30
44,23
28,24
35,27
33,26
24,22
23,22
28,16
13,33
20,20
27,19
22,29
