8,10
15,27
30,21
12,20
20,12
19,8
2,25
48,9
15,2
24,12
32,21
44,16
35,8
33,1
38,3
20,9
17,13
20,15
25,15
29,19
22,18
27,20
26,27
32,1
22,29
20,12
35,4
1,28
2,18
9,3
34,28
30,14
10,20
45,8
24,7
30,16
30,21
25,26
30,26
26,12
21,24
19,11
31,26
37,19
17,7
20,27
17,10
6,20
6,24
26,17
36,4
24,22
16,6
15,17
22,12
13,28
13,9
16,6
17,15
25,10
24,24
31,25
36,13
37,12
14,29
27,14
12,5
27,11
15,18
15,17
33,29
24,22
26,5
37,5
7,4
35,12
32,26
24,22
34,12
29,8
22,13
27,23
20,23
18,10
22,25
32,15
12,8
19,6
23,6
20,6
23,4
32,5
28,5
25,5
20,26
24,7
6,5
13,16
22,4
18,20
22,14
10,8
41,16
35,29
25,18
20,1
21,25
25,21
35,26
38,24
28,12
14,5
27,19
28,10
27,21
21,13
22,22
51,27
33,6
16,27
45,7
19,23
26,10
20,28
36,11
27,19
25,22
16,4
21,7
