37,5
31,25
36,11
24,21
27,16
38,9
20,16
29,12
14,4
30,2
17,21
17,14
25,2
22,14
24,24
9,17
19,14
27,22
25,1
9,5
16,26
17,18
10,23
30,29
25,29
23,19
19,9
32,20
33,28
27,2
19,10
19,14
47,28
29,26
22,25
22,19
15,15
6,7
21,26
30,15
26,26
28,3
23,15
38,6
31,6
16,18
35,23
19,19
18,5
20,4
36,17
19,27
32,6
15,27
34,22
28,10
25,1
7,15
14,26
28,12
19,25
21,23
8,16
36,18
35,9
25,22
16,2
25,8
40,10
9,17
23,4
23,24
30,23
23,21
23,2
12,27
21,26
14,20
26,8
26,6
17,27
22,18
41,13
28,11
37,21
27,10
35,11
4,4
9,1
36,2
32,3
22,8
19,13
23,5
0,9
