34,12
34,15
25,28
4,19
33,20
40,27
26,3
23,25
50,2
25,25
0,9
16,21
23,13
30,8
27,18
14,2
16,24
12,11
10,13
32,20
21,3
35,6
16,14
26,10
15,3
35,24
22,23
35,9
30,2
33,6
29,26
15,14
11,5
21,26
32,29
27,9
27,3
17,15
27,12
27,5
18,24
15,25
27,1
39,26
27,17
29,3
24,11
28,11
25,19
38,15
30,1
29,19
16,21
36,23
17,17
20,19
25,18
29,20
21,22
35,9
37,18
27,27
28,18
21,14
24,7
18,27
32,27
23,20
33,2
43,21
37,14
26,23
16,21
28,22
38,10
18,28
35,4
15,28
29,15
24,8
22,19
26,18
10,9
23,27
19,24
24,2
11,25
17,15
40,14
26,17
43,18
34,12
18,16
17,2
16,8
13,17
30,23
18,7
25,25
22,16
28,26
26,6
12,15
30,16
14,1
40,13
29,12
26,12
14,25
14,9
35,18
27,3
24,5
35,23
25,12
6,25
14,28
26,21
21,22
27,20
