25,16
19,17
23,17
21,15
4,31
3,29
28,21
9,21
1,10
6,15
15,6
23,13
13,27
14,19
29,43
23,39
0,32
6,15
23,40
13,24
26,18
6,20
5,29
14,29
3,21
29,16
20,36
7,30
23,31
3,15
22,28
28,11
14,24
7,22
23,31
12,15
28,37
19,15
12,20
2,48
28,30
18,22
6,10
21,22
22,14
9,30
29,15
4,2
9,21
8,17
18,30
22,24
4,30
19,12
24,30
2,17
29,20
22,28
27,30
19,25
27,11
7,23
5,26
29,25
6,23
19,25
21,34
27,16
17,22
15,17
8,24
14,43
17,18
7,9
26,19
7,10
29,21
29,21
12,40
1,6
26,12
9,17
18,15
22,7
10,25
7,15
21,15
26,21
3,36
22,24
16,22
14,14
23,31
20,14
0,20
8,41
13,28
4,34
4,24
8,19
1,15
26,19
1,23
25,33
5,24
3,25
5,1
0,40
21,24
4,20
27,28
8,17
20,21
15,32
27,27
4,22
28,7
28,11
1,19
10,19
11,36
20,27
7,37
0,29
7,34
19,18
28,4
9,36
0,18
0,17
1,14
14,41
5,26
0,22
3,50
21,31
12,15
15,19
29,5
26,22
7,23
10,24
28,18
17,19
15,22
23,25
16,36
7,44
5,32
24,21
19,16
14,24
21,29
14,28
29,29
16,8
27,33
16,24
