29,15
11,23
4,39
28,35
1,27
23,15
11,25
15,32
10,18
29,29
12,41
27,17
11,24
8,18
12,26
14,24
21,9
22,6
10,29
22,43
8,53
28,32
16,35
22,29
28,5
6,30
17,24
24,29
19,9
29,32
16,16
13,22
11,23
7,27
21,38
26,28
22,21
20,28
27,6
17,15
13,30
16,20
22,10
3,23
8,23
9,19
19,28
22,30
20,26
11,11
5,23
8,28
19,16
14,9
0,32
7,18
15,9
21,22
8,12
10,26
1,16
14,40
5,9
27,20
18,23
3,25
12,14
12,18
16,39
3,16
7,34
6,21
17,25
5,34
16,35
25,18
4,28
28,32
29,4
16,15
29,19
9,30
19,39
10,28
25,33
29,14
19,33
23,24
1,34
26,9
15,26
15,27
19,12
1,26
27,21
22,29
1,38
3,18
5,5
0,20
27,46
21,18
13,31
20,16
20,44
23,23
17,10
0,35
29,14
19,28
10,25
13,14
9,12
18,22
8,19
4,10
14,23
25,17
10,29
