24,33
26,22
14,38
26,26
26,21
2,22
28,27
25,13
8,14
19,24
1,32
25,21
23,14
7,38
0,20
4,6
23,20
24,15
10,20
25,27
12,16
28,44
18,12
1,19
17,27
27,31
18,15
5,56
1,32
24,19
16,28
26,19
12,29
25,29
22,20
11,11
5,35
4,20
6,45
14,18
14,38
19,10
27,38
2,28
9,18
18,24
25,18
12,24
29,6
16,14
14,22
12,35
6,19
14,20
2,26
13,34
27,35
20,23
24,30
23,30
5,15
14,29
9,12
19,23
28,15
21,27
2,26
7,15
8,44
10,23
7,18
27,20
15,26
17,36
28,28
2,21
15,17
2,33
24,19
23,9
19,21
22,39
16,33
2,16
19,16
10,40
27,29
11,26
13,25
17,35
1,35
5,44
19,41
9,23
16,34
9,12
26,13
5,17
25,35
17,26
8,21
12,15
2,28
6,5
17,45
12,41
5,27
22,11
17,38
5,16
8,29
2,16
7,11
19,42
23,29
27,15
15,22
28,49
16,23
9,31
23,26
28,16
3,17
16,30
21,43
1,31
29,9
17,27
3,23
24,30
18,20
25,16
20,31
18,11
24,27
22,18
20,8
18,38
