6,15
15,41
10,41
18,33
21,35
15,18
22,19
0,16
13,18
20,24
13,8
22,17
12,32
0,34
15,23
7,23
15,42
25,28
4,25
25,11
3,37
3,11
18,25
3,25
5,27
21,25
13,28
8,31
7,41
18,22
19,9
9,19
13,28
6,18
22,33
3,15
0,28
18,27
21,34
1,33
0,18
26,17
16,19
25,33
5,36
16,26
7,13
28,20
25,28
0,34
4,23
7,25
23,22
16,17
1,16
15,26
15,16
27,47
21,23
2,23
27,38
19,3
10,31
27,17
24,20
8,43
4,34
19,14
3,24
22,31
9,7
4,26
3,26
29,22
20,26
5,31
11,12
1,28
28,21
17,29
1,18
25,16
28,27
14,28
24,27
23,11
27,40
10,27
17,47
20,11
11,32
15,10
23,16
21,25
29,30
15,40
6,33
26,27
29,12
17,19
21,11
1,20
16,8
11,27
22,19
4,23
3,22
23,13
8,34
25,28
26,23
3,26
22,9
25,25
18,20
26,12
8,26
10,28
16,22
5,23
27,37
11,27
28,25
17,24
9,16
11,3
9,20
9,41
28,21
20,19
1,30
4,11
11,3
19,30
9,34
24,34
19,17
5,48
13,33
24,10
10,43
8,41
5,28
11,57
18,27
2,19
27,23
28,8
21,28
