23,16
41,28
3,24
8,14
19,28
41,29
16,3
35,15
13,29
20,14
23,19
20,18
25,7
25,26
17,28
10,20
26,18
27,24
41,12
9,17
35,14
18,23
11,3
22,25
20,10
25,5
24,10
12,24
7,26
31,29
26,11
47,24
8,10
24,25
28,21
25,25
27,2
43,25
26,17
4,11
21,27
34,14
24,19
27,29
15,15
21,4
11,10
23,1
8,21
34,5
8,3
14,22
25,11
24,4
17,14
28,17
5,28
30,13
24,6
23,15
36,18
25,20
23,22
18,6
25,2
31,25
31,19
33,8
34,14
47,12
21,28
22,8
21,22
31,8
21,2
17,4
17,16
15,29
29,24
17,5
14,3
38,7
22,13
4,13
31,9
15,26
28,15
34,22
33,17
45,24
18,26
33,1
25,4
13,7
20,26
11,3
20,7
30,21
28,26
26,23
21,8
28,1
29,17
35,23
29,27
32,11
9,7
11,2
8,7
17,2
23,13
7,9
13,26
17,15
9,4
21,22
25,1
42,29
36,21
7,7
25,15
21,10
32,9
23,24
9,27
18,2
27,6
16,2
20,11
11,5
30,8
25,23
29,21
37,12
30,3
27,14
30,25
20,26
15,8
30,12
29,3
16,17
11,28
22,12
16,29
15,18
21,25
28,11
33,11
34,29
19,12
31,24
30,10
14,29
26,23
