14,11
14,24
14,7
13,15
14,27
15,10
14,7
14,29
14,23
15,12
14,15
15,11
16,1
14,18
13,29
14,9
16,6
15,10
14,14
14,14
15,22
15,28
14,7
13,3
14,19
17,19
17,16
15,22
15,8
16,13
16,7
13,27
13,16
15,10
15,24
15,1
14,14
14,15
15,23
12,14
15,12
13,22
14,9
15,12
15,22
14,23
17,18
12,9
13,9
13,29
15,4
15,0
14,12
14,1
12,26
15,19
14,9
15,26
13,11
15,3
14,29
15,1
14,17
14,12
15,4
13,18
15,17
12,28
15,28
13,2
13,9
16,17
13,15
13,12
14,11
14,2
15,29
15,4
15,11
15,21
15,28
14,11
16,27
14,22
16,26
14,16
15,12
16,20
14,11
15,14
15,6
14,28
14,17
15,24
14,7
15,29
13,7
14,9
11,22
15,21
16,19
15,26
16,25
13,12
13,4
13,12
15,0
14,14
14,4
15,11
14,14
14,5
15,18
14,22
16,26
15,9
15,25
13,2
15,14
15,17
12,19
16,10
15,8
15,23
13,0
16,19
14,12
15,15
15,4
15,27
15,7
17,15
14,3
14,11
13,17
12,1
16,20
14,22
16,5
14,17
14,8
14,3
14,26
15,22
15,23
14,23
15,3
13,23
15,22
14,9
13,11
14,13
17,29
15,19
14,19
16,19
14,18
14,21
15,7
16,28
16,27
15,27
16,3
16,23
14,16
15,16
16,3
14,26
14,29
13,18
14,5
14,27
13,1
15,5
13,12
13,25
14,27
14,3
15,19
15,15
16,5
14,2
16,29
13,23
14,26
16,18
16,24
14,2
14,18
14,7
16,0
13,9
13,1
14,18
16,9
14,10
14,28
12,11
14,26
14,2
14,4
14,13
14,29
15,24
16,2
15,7
15,2
14,3
16,4
13,9
