26,14
11,15
8,14
18,15
15,13
28,13
5,15
12,12
20,14
29,13
18,15
13,13
6,12
3,14
19,13
17,15
2,14
8,14
14,15
0,15
23,15
29,14
4,14
16,16
16,14
9,14
29,14
7,14
10,14
15,14
17,15
21,12
21,15
10,16
17,14
6,14
18,13
2,14
26,14
6,16
8,14
4,14
29,14
25,15
1,16
24,15
26,14
11,15
9,15
13,16
18,15
20,14
14,13
29,15
21,14
14,15
9,15
4,14
24,15
29,14
13,15
19,13
5,15
8,15
17,13
8,14
10,15
8,14
26,15
7,14
20,15
11,14
1,15
16,15
17,15
3,14
12,13
23,16
0,16
26,14
21,16
20,13
28,14
19,14
7,13
29,14
8,13
12,15
12,16
27,15
18,14
16,13
11,13
15,14
27,16
7,14
12,15
2,15
24,13
5,15
2,18
1,14
2,15
6,15
22,17
7,13
7,16
29,14
16,13
15,14
12,14
20,14
17,15
25,15
1,13
4,13
4,16
13,14
10,15
13,13
22,14
23,14
1,14
2,15
21,15
29,15
13,14
11,15
25,14
22,16
2,15
5,13
21,16
28,16
22,15
23,14
27,14
29,15
26,15
20,14
3,14
22,15
28,15
23,14
7,15
6,14
23,14
0,17
10,13
22,16
28,16
10,13
11,16
26,12
23,13
6,14
8,14
12,16
9,15
29,15
18,17
12,14
12,16
2,15
17,15
0,15
4,15
2,15
29,17
27,14
4,15
0,15
22,15
27,15
12,14
4,13
20,13
7,15
18,14
10,13
26,14
14,15
14,16
20,14
13,14
29,15
29,15
1,14
12,14
24,14
12,14
26,14
17,14
14,14
7,14
15,15
1,15
27,16
10,15
25,13
28,14
22,15
3,15
24,13
11,15
7,14
19,13
4,14
16,16
2,15
25,13
11,15
28,14
12,14
24,14
1,16
4,14
5,16
4,14
14,13
20,14
20,13
7,14
3,14
8,14
14,14
3,15
16,14
19,13
21,15
