6,15
0,13
21,14
14,15
11,15
25,15
4,13
1,14
29,14
13,15
3,13
15,15
8,14
11,15
29,16
15,14
27,16
4,15
14,15
11,15
18,16
18,15
26,14
21,14
22,14
1,14
15,12
14,14
13,16
29,14
4,14
26,13
12,15
15,15
7,15
10,13
1,15
27,14
6,13
6,14
8,15
3,14
10,15
27,14
24,13
27,14
18,17
5,14
25,14
16,15
20,15
1,16
20,15
27,13
22,15
8,14
6,13
26,15
14,14
6,14
0,15
11,13
12,13
13,16
5,15
14,16
17,16
23,14
14,16
2,13
19,16
1,13
25,15
27,16
9,14
3,14
10,14
10,14
5,15
26,15
24,12
6,15
7,15
14,14
0,14
29,14
22,15
14,14
2,15
25,14
19,16
2,15
24,13
20,15
5,15
1,15
1,13
24,14
20,14
14,15
5,14
14,15
6,16
11,14
26,14
3,15
10,13
25,14
2,15
6,16
15,15
19,14
21,13
22,14
22,16
5,13
10,15
11,16
6,15
18,15
21,14
6,15
27,15
20,16
1,13
9,15
19,15
16,14
9,13
22,13
27,13
8,16
17,14
8,17
19,14
6,15
12,15
17,16
2,13
24,14
3,14
10,14
5,13
4,15
27,18
19,12
4,14
16,17
0,15
13,14
27,15
2,14
29,13
27,15
22,13
3,13
7,13
26,14
16,15
19,14
29,15
21,15
21,15
22,15
9,15
12,15
19,15
3,15
0,14
19,13
1,16
13,15
16,15
3,14
8,17
15,15
14,12
4,14
15,13
25,14
0,15
14,14
13,15
16,13
10,15
0,13
7,14
22,15
29,15
26,14
21,15
11,13
7,15
0,16
26,14
1,16
6,14
29,14
0,16
4,14
0,14
27,14
10,15
23,16
23,15
11,16
20,16
4,15
16,14
22,14
3,15
3,14
11,15
6,17
3,15
6,15
5,14
3,15
20,15
16,13
