14,45
14,24
15,20
15,39
15,26
13,31
15,30
14,13
14,16
16,8
14,24
15,3
16,36
14,36
14,20
15,10
13,32
15,36
14,7
14,13
15,34
12,15
16,16
15,15
14,23
14,20
13,22
15,31
13,16
14,24
16,18
15,15
13,23
16,29
14,22
13,11
16,7
15,32
16,35
13,31
14,7
14,24
14,24
15,28
14,12
13,8
14,29
16,16
15,30
12,21
12,22
16,22
16,10
13,35
15,27
15,15
13,40
13,17
15,45
13,24
14,39
16,20
15,31
16,36
15,39
13,4
14,24
17,40
13,8
15,24
14,36
16,19
13,30
13,11
15,26
14,33
14,33
16,23
15,55
13,18
15,19
14,9
15,21
13,23
13,24
14,29
14,21
15,26
13,30
14,31
15,30
13,6
16,13
14,6
14,43
17,17
15,15
15,19
13,15
14,22
16,26
15,22
15,13
13,35
15,17
14,14
15,17
14,17
12,1
14,19
16,27
12,36
14,38
15,34
15,22
15,33
15,24
14,34
14,36
17,6
16,20
16,19
14,34
15,23
15,24
14,28
14,32
16,34
15,19
14,29
17,39
13,30
14,24
15,33
16,13
14,23
15,15
13,19
15,40
15,37
17,12
12,22
13,23
15,24
13,29
15,27
17,31
16,27
13,28
16,15
15,35
14,44
15,49
13,25
15,19
14,6
15,6
13,28
13,33
15,5
12,24
15,15
16,30
14,26
15,34
14,31
14,17
15,29
15,26
15,33
12,29
13,22
15,46
15,23
14,14
13,25
14,29
15,26
14,38
13,27
14,24
14,18
15,29
14,13
15,33
13,29
14,31
15,28
15,32
15,18
14,55
15,38
15,22
15,37
15,28
15,53
15,25
14,13
15,33
14,39
16,25
15,22
16,27
16,25
14,26
15,23
14,27
15,26
17,15
15,22
14,37
15,12
14,36
14,4
14,21
14,36
14,22
14,36
13,26
15,16
15,22
16,25
14,34
14,4
13,15
15,22
14,36
15,19
14,32
13,25
15,20
14,22
13,19
14,17
15,36
14,31
14,22
13,21
14,24
13,21
14,30
14,47
14,24
15,12
15,32
14,13
15,25
16,4
13,40
14,23
17,33
15,29
16,25
15,20
15,17
12,21
13,35
15,36
14,25
16,31
14,16
14,48
14,11
13,18
13,35
13,6
13,19
16,36
17,32
14,19
14,21
16,22
16,34
14,17
15,24
15,28
16,32
13,30
14,25
16,27
