13,14
20,14
24,16
24,16
2,14
13,13
10,13
5,13
9,16
3,14
15,14
26,16
19,14
12,14
16,15
19,15
14,15
21,16
25,16
2,13
16,15
6,13
22,14
23,15
5,15
9,16
22,15
2,15
16,15
21,15
29,14
0,15
20,12
7,13
21,16
5,15
11,14
2,14
16,17
21,15
15,15
6,15
23,15
3,14
16,15
9,14
10,14
7,14
8,14
10,14
6,14
28,15
1,16
13,15
22,13
17,13
9,15
6,16
5,14
15,14
27,16
17,13
25,15
7,15
9,13
3,14
19,14
0,14
21,13
13,14
28,16
15,15
6,16
8,16
17,15
10,16
18,15
1,15
10,13
25,15
5,15
23,14
13,15
0,16
14,13
14,15
25,16
1,14
18,15
21,15
18,15
8,13
25,14
1,15
23,15
6,13
3,15
24,14
27,15
12,16
27,14
23,13
24,14
3,15
19,14
24,15
11,14
15,15
24,12
9,15
13,17
10,16
8,14
13,14
27,14
20,15
29,13
5,14
23,14
3,14
6,13
3,16
17,15
12,15
13,15
21,16
19,13
12,15
22,15
15,14
8,15
25,14
12,13
12,15
19,16
8,15
20,16
16,15
11,14
2,15
11,14
25,15
9,15
26,16
11,16
21,15
15,14
1,15
0,15
17,13
23,12
5,14
25,15
6,15
22,14
8,14
5,14
16,15
12,14
4,15
18,16
16,14
8,15
12,16
22,14
8,15
8,15
8,15
23,13
7,15
20,14
20,17
2,15
18,17
25,14
28,16
28,14
11,16
20,12
4,15
5,14
3,16
0,14
19,15
8,15
6,14
16,15
18,14
28,16
17,14
14,15
16,16
13,16
23,15
17,14
29,15
12,14
5,14
6,14
23,14
14,14
14,13
28,14
7,15
10,12
16,11
22,14
29,13
29,15
1,15
19,16
25,12
28,14
17,14
2,14
25,17
28,16
2,16
0,13
15,16
6,12
23,14
20,14
19,15
14,14
18,15
26,14
17,15
28,13
21,15
23,15
3,15
28,15
12,15
21,15
22,14
3,14
22,15
11,15
27,15
