35,13
51,13
8,13
26,15
29,15
34,13
37,14
33,14
33,16
19,15
28,14
31,13
34,12
13,13
26,16
31,15
21,15
13,16
30,14
34,15
35,15
40,13
22,14
14,14
47,15
39,14
34,14
28,15
27,16
19,14
28,14
30,15
53,13
40,17
31,15
31,16
32,16
28,14
30,14
22,14
26,15
22,14
40,14
17,16
7,13
54,13
38,15
45,15
20,15
23,14
20,14
13,14
15,16
41,15
25,16
27,16
19,15
29,16
24,15
29,15
25,15
24,14
20,14
17,14
29,15
12,15
29,14
30,14
32,15
10,15
45,15
29,15
49,15
27,15
57,13
33,17
16,13
17,14
17,16
29,14
36,15
19,14
8,15
33,16
25,16
40,14
21,15
33,14
12,15
40,15
32,13
4,14
47,14
37,13
25,15
20,14
35,15
14,15
49,13
31,15
13,15
32,13
27,15
17,13
34,14
27,13
11,15
32,15
37,14
28,15
21,16
25,14
12,14
26,15
21,14
14,16
42,16
29,15
9,15
17,14
24,16
10,17
30,15
20,14
6,12
16,16
48,15
26,15
24,16
32,12
19,13
28,15
24,14
27,15
13,15
20,16
8,13
9,14
20,15
24,15
24,13
40,13
1,17
26,14
21,16
15,15
22,16
34,16
22,14
30,15
36,14
23,16
14,16
29,14
29,16
24,15
35,14
28,16
35,15
13,15
38,15
20,14
19,13
22,16
23,14
17,14
26,16
25,15
30,15
33,14
26,16
40,13
9,15
31,14
15,14
20,15
32,14
20,15
39,15
13,15
17,16
22,15
18,13
26,16
25,14
30,15
21,13
36,15
6,15
23,15
25,17
24,15
23,15
12,15
36,15
31,15
20,15
32,15
25,16
37,15
14,13
16,15
26,17
36,13
8,13
30,12
30,15
30,15
22,14
27,15
18,14
38,15
34,15
11,14
23,14
13,14
16,15
7,14
23,15
35,15
13,15
27,14
32,15
8,14
19,16
27,15
18,15
10,14
35,15
31,14
34,15
20,16
26,15
19,15
24,13
13,14
52,16
13,16
26,16
21,13
23,14
21,13
21,15
20,15
34,14
18,16
10,14
9,16
18,14
30,16
14,14
14,16
31,16
21,15
25,14
14,14
12,16
36,14
41,14
36,14
39,15
48,13
21,13
35,15
33,16
29,15
36,14
13,15
30,15
39,14
16,14
13,14
19,14
44,14
42,13
43,15
13,14
34,15
23,15
16,14
31,14
24,13
22,14
26,14
29,15
27,13
18,13
31,15
26,13
0,14
24,15
31,16
16,16
23,16
20,15
11,15
9,15
29,15
24,14
30,16
11,14
27,16
24,14
32,16
3,14
27,15
41,14
19,16
2,15
2,14
32,14
46,14
14,14
11,14
12,15
24,13
19,15
19,14
30,14
4,16
28,14
27,14
25,14
38,14
16,16
20,15
27,13
