14,1
13,6
14,19
15,16
15,9
16,8
17,6
16,20
14,28
13,17
14,7
13,16
16,19
16,9
15,25
14,22
17,24
13,1
14,3
13,0
15,17
13,21
14,26
15,18
16,21
14,3
13,22
13,19
15,15
15,6
13,20
17,7
15,22
14,9
14,5
14,9
13,29
15,26
14,2
14,11
14,19
14,14
14,19
15,11
15,16
14,8
14,1
16,21
15,3
14,26
14,14
14,8
18,6
15,6
15,28
14,17
15,8
15,6
14,5
16,19
16,27
13,19
13,29
15,6
15,5
15,29
15,26
14,15
16,19
14,11
16,16
15,8
14,21
16,23
14,4
14,13
12,7
14,21
15,22
16,25
16,14
15,0
14,11
15,12
16,15
13,25
15,0
14,18
12,28
14,10
16,7
15,16
15,27
14,27
14,17
15,10
12,21
14,28
14,12
14,17
16,15
14,26
13,2
15,18
14,13
15,19
13,0
17,2
16,13
14,27
15,6
14,10
14,16
14,19
13,8
14,12
15,23
13,15
15,24
12,20
15,10
13,6
16,12
15,25
13,19
15,12
15,7
15,0
14,20
14,26
14,18
15,14
15,4
15,18
14,20
15,10
15,9
15,3
16,10
14,19
15,7
15,20
13,2
15,13
14,23
14,21
16,29
15,23
16,5
13,19
15,9
13,5
14,16
14,21
13,3
16,16
16,7
13,25
15,4
15,4
15,9
14,18
15,12
16,24
15,28
16,16
13,11
15,15
14,25
15,13
14,27
15,27
13,11
12,14
16,9
16,2
14,7
16,16
16,25
14,27
14,26
15,26
12,28
13,3
15,18
14,19
16,9
14,7
13,19
16,29
15,9
15,19
13,21
16,14
13,24
12,21
15,21
15,11
14,28
15,29
