42,14
31,14
19,13
22,16
33,15
32,13
27,15
50,16
18,14
32,15
15,15
38,14
32,15
10,15
33,14
38,17
26,15
39,16
26,16
24,13
32,15
11,16
17,14
33,16
14,14
21,15
14,14
38,14
37,12
22,15
26,14
35,15
23,15
32,15
17,17
11,17
32,15
24,15
26,16
16,15
33,13
16,12
33,17
8,15
35,14
35,15
32,16
25,14
27,14
43,14
30,13
19,15
39,15
26,15
13,13
20,15
15,15
27,16
23,15
37,15
10,16
34,15
46,14
7,13
31,15
27,13
9,13
32,16
20,16
25,14
14,15
4,16
43,14
14,13
11,15
19,15
38,15
19,13
19,14
23,15
27,14
19,13
22,17
48,14
26,14
21,16
18,14
41,15
34,14
25,14
10,14
35,14
35,15
36,13
36,12
18,13
7,12
25,16
29,13
29,15
10,15
11,15
21,16
21,15
10,14
14,15
17,14
25,15
43,14
38,12
11,13
19,16
19,13
18,15
13,12
35,15
39,14
31,15
23,15
27,15
30,15
40,15
43,13
39,15
13,14
32,15
30,15
11,14
33,14
19,16
20,14
24,15
16,13
22,15
0,16
28,15
22,15
30,15
13,15
11,13
22,12
22,12
28,14
16,13
22,14
5,15
29,14
24,13
25,15
28,15
15,14
26,14
24,15
35,13
22,15
23,16
9,15
26,14
21,15
34,14
28,17
25,13
26,16
28,13
33,15
40,14
23,15
25,15
33,15
53,15
25,14
15,15
25,15
32,14
18,14
30,17
38,14
28,15
27,14
33,15
23,14
30,14
6,14
18,15
25,15
6,14
10,15
25,15
10,14
9,14
26,16
23,14
20,15
26,14
38,15
12,15
24,14
14,15
32,13
2,15
16,14
17,14
26,14
24,14
29,14
28,15
13,13
7,13
15,14
17,13
12,14
11,14
21,16
33,15
36,15
31,16
37,15
29,14
23,14
36,14
18,12
18,15
24,15
27,14
29,13
8,17
42,16
25,15
21,15
8,16
14,15
32,16
43,13
25,13
23,15
44,15
19,13
19,15
34,14
29,14
29,15
28,14
39,13
8,15
15,16
9,14
11,15
8,15
32,14
38,15
18,16
19,14
9,14
13,12
24,14
20,17
30,15
13,16
22,15
23,13
9,16
35,15
20,13
35,14
31,15
32,13
43,15
35,15
37,15
32,15
16,16
9,15
17,15
8,14
25,15
27,16
24,14
27,16
47,15
5,13
21,15
42,14
33,13
29,13
30,14
7,13
21,14
31,15
13,13
30,15
45,15
32,14
31,14
16,15
15,16
39,15
18,15
30,14
22,15
23,14
12,14
42,14
40,15
39,15
21,15
46,15
24,14
34,14
11,15
50,12
26,15
44,16
24,16
4,14
34,13
12,15
27,15
28,13
24,14
