14,26
14,33
14,29
14,39
15,20
14,31
14,36
15,15
16,41
14,28
15,25
14,39
15,23
15,32
14,22
16,0
14,32
16,31
15,27
15,26
14,18
15,28
14,21
12,8
14,31
15,27
15,31
15,25
15,30
15,37
15,42
12,20
14,42
16,29
13,26
14,49
14,27
15,22
16,39
14,26
14,25
15,19
13,35
15,25
13,27
14,15
13,30
17,37
15,32
15,21
15,39
15,24
15,34
12,24
14,13
15,56
12,35
15,25
15,23
14,19
15,31
15,30
16,20
17,24
14,27
16,27
15,24
14,17
15,29
15,20
13,25
12,28
15,13
13,18
12,28
16,36
14,15
14,25
13,27
14,27
14,8
13,43
13,7
15,30
15,30
15,22
14,25
15,35
14,30
17,30
15,19
15,32
14,43
15,21
14,12
13,13
15,4
16,10
16,27
14,16
15,34
14,32
14,23
15,32
15,25
16,34
14,26
14,30
14,24
14,24
14,31
15,36
11,22
15,37
15,29
16,20
13,28
14,23
14,23
16,24
13,22
14,23
17,34
14,47
15,20
14,8
14,22
16,19
15,32
15,27
14,49
14,17
16,39
15,23
14,39
14,17
16,29
15,32
14,29
14,10
14,32
14,19
14,41
13,6
15,31
15,30
14,3
16,40
15,33
16,31
15,39
14,10
17,36
13,17
15,3
15,29
13,23
15,26
14,37
15,16
13,23
15,15
14,16
15,31
14,3
12,37
14,22
15,28
16,16
15,22
15,39
14,5
14,16
16,20
13,22
14,34
15,42
13,38
14,10
15,4
13,27
14,18
15,37
13,34
14,29
15,20
14,14
14,33
14,17
14,27
15,13
16,23
15,24
14,31
15,29
15,31
15,33
15,12
13,27
14,41
15,28
14,28
15,25
15,33
15,33
13,35
14,47
13,28
15,35
15,21
13,35
16,46
15,25
14,26
15,19
15,27
14,24
15,32
14,19
13,20
14,46
15,43
15,13
14,22
15,9
16,47
15,35
15,28
14,24
13,12
14,24
15,37
15,21
15,47
15,28
15,30
14,45
15,41
15,21
14,12
15,16
12,16
13,31
14,40
15,34
15,17
15,40
15,23
14,33
14,5
14,9
15,33
15,40
14,9
13,8
14,13
14,27
15,46
14,11
13,8
12,33
16,22
14,26
14,32
15,8
15,40
14,30
14,10
15,24
15,20
15,21
13,22
15,20
13,21
14,6
14,29
15,24
15,20
15,35
15,8
14,29
15,25
15,43
16,14
17,0
14,36
13,18
13,20
15,20
12,11
