13,16
13,29
15,3
15,43
15,18
15,23
14,8
14,30
17,22
14,16
17,21
15,38
14,35
14,28
14,32
15,33
14,31
14,13
15,13
15,14
15,16
14,19
15,19
15,12
14,36
14,18
15,34
13,10
13,34
15,20
14,48
13,17
13,25
16,29
14,22
14,25
15,11
13,28
13,34
14,23
12,24
16,25
15,39
14,7
15,24
15,2
15,38
12,22
14,24
15,31
14,34
15,25
14,23
15,13
15,36
15,21
15,44
14,17
14,9
13,16
15,21
14,12
14,27
16,16
15,6
15,35
14,27
14,22
14,15
14,9
16,25
14,9
15,24
14,31
15,37
14,16
15,22
14,13
14,12
17,21
14,35
14,23
14,21
14,20
14,26
14,25
16,47
14,22
14,25
15,6
14,50
15,34
13,33
15,25
15,11
14,36
16,27
15,12
15,36
14,14
15,0
14,28
15,20
17,28
14,11
14,23
14,27
15,11
16,34
16,48
14,10
16,21
14,15
15,36
15,3
15,15
16,24
13,37
14,25
14,17
13,15
13,20
15,8
14,21
15,24
14,43
14,31
13,48
13,29
14,26
15,30
14,27
15,38
15,38
13,17
13,12
15,42
15,14
14,37
16,20
15,31
14,19
14,26
13,14
14,34
13,19
14,32
15,39
15,13
14,30
14,5
15,8
16,20
14,39
14,13
16,21
15,24
14,10
17,40
15,21
16,21
16,23
15,3
13,15
16,23
16,29
13,20
14,11
15,32
15,12
14,37
14,23
14,12
14,13
15,27
14,36
14,22
17,9
16,21
12,28
15,36
15,19
16,16
15,31
15,14
14,11
14,8
17,23
15,37
15,37
15,35
15,26
15,23
14,39
15,41
12,20
14,9
13,19
14,30
15,20
15,18
15,29
13,24
12,52
15,20
14,3
15,23
16,7
15,31
14,26
16,28
15,38
14,17
13,28
15,27
14,29
14,33
14,26
15,31
14,34
15,34
14,31
15,40
14,22
15,31
15,21
13,25
16,17
16,28
15,40
15,23
16,22
14,18
15,31
15,19
16,28
14,23
14,25
15,40
15,34
15,14
13,18
14,24
16,37
15,20
14,36
17,31
14,29
16,47
14,36
15,56
15,29
15,29
16,33
13,22
15,38
15,5
14,31
16,32
15,25
13,23
16,25
14,33
13,36
15,32
16,14
16,13
14,19
12,42
14,39
14,29
14,43
14,8
15,36
16,21
13,15
14,18
14,25
15,24
14,31
15,26
15,21
15,14
13,23
14,14
13,16
14,46
14,27
16,32
15,17
15,41
15,16
14,28
15,25
13,10
15,14
16,34
14,38
14,15
13,33
