13,4
13,16
15,5
13,17
15,25
15,13
15,2
15,0
16,3
14,15
13,5
16,3
15,7
14,0
15,24
16,10
12,13
16,28
15,29
15,9
14,11
15,19
15,16
14,29
15,25
16,7
14,8
15,18
16,5
16,15
16,28
17,3
15,22
15,25
13,17
15,17
15,13
15,22
14,4
14,23
14,10
16,15
13,25
14,15
13,4
14,24
15,23
15,22
14,18
15,26
14,1
16,22
15,24
14,0
15,24
15,21
15,23
14,2
15,6
15,29
17,19
14,19
15,18
13,1
14,15
15,23
14,2
14,26
14,26
14,16
13,26
13,17
17,2
14,15
14,2
14,9
13,11
14,28
14,20
14,28
14,16
15,21
13,8
14,29
15,27
13,4
16,21
13,20
14,12
13,7
14,26
14,8
15,24
16,27
14,16
17,17
14,15
15,0
16,9
13,8
12,8
15,0
14,0
14,4
16,16
15,26
15,10
14,13
14,25
13,29
13,12
14,26
15,24
13,24
14,21
13,11
15,4
14,15
14,22
15,1
15,0
15,26
12,15
15,28
15,2
12,17
15,10
13,20
15,14
15,25
16,7
13,1
15,19
15,5
13,8
15,23
14,26
13,6
15,23
14,24
14,11
14,13
15,3
13,17
14,23
16,25
14,1
14,20
15,17
15,6
13,28
15,5
13,11
15,8
14,6
13,21
15,13
15,15
15,25
18,17
15,16
15,20
15,29
13,17
14,8
16,3
16,22
16,2
15,19
15,11
14,11
17,24
14,16
14,7
14,18
14,2
16,7
17,9
14,5
14,9
14,26
15,23
14,3
15,28
17,4
15,5
15,7
14,23
15,15
13,15
