14,16
11,15
20,14
22,16
25,13
27,14
11,15
28,15
39,15
21,14
29,13
5,13
42,14
15,15
11,13
28,15
10,14
23,15
8,13
39,14
24,16
31,15
33,14
40,14
26,15
19,14
22,14
27,15
13,15
20,15
25,14
18,16
38,13
26,17
38,14
30,13
20,14
16,13
32,14
28,16
20,16
10,14
18,14
23,14
33,13
19,14
22,16
39,14
24,16
38,13
42,14
25,14
18,14
8,14
22,16
23,14
27,14
24,15
20,13
28,14
30,14
20,13
14,14
34,17
40,14
31,15
24,14
22,15
19,15
30,15
37,16
42,13
31,15
20,14
11,15
25,15
28,12
8,15
7,13
22,15
6,14
33,15
33,14
12,15
33,14
32,16
20,16
17,15
25,13
16,16
24,14
36,15
29,15
19,15
16,16
34,13
21,14
14,15
25,13
8,14
23,15
19,15
24,15
16,15
32,17
19,14
28,14
23,14
25,15
38,15
18,14
28,14
9,15
15,15
13,15
22,15
29,14
21,17
11,16
37,14
23,16
33,15
37,14
17,13
20,15
19,14
35,16
14,14
23,15
26,14
23,14
14,15
14,16
19,15
29,13
13,15
23,15
21,14
31,15
40,16
29,14
27,16
34,14
21,15
30,15
27,15
31,14
40,15
31,13
39,15
26,14
17,14
30,15
29,16
22,15
33,16
14,16
32,14
14,12
14,14
21,15
26,12
16,16
33,16
23,14
22,15
32,14
29,14
21,14
28,15
33,16
13,15
37,13
17,16
32,15
23,16
18,13
7,16
26,15
20,15
27,15
34,15
38,16
36,14
32,14
33,14
27,17
35,15
39,15
29,13
6,15
18,14
43,15
23,16
22,16
40,14
22,15
6,14
18,14
18,14
30,15
20,14
24,14
25,13
27,15
26,15
28,13
51,15
15,14
26,14
33,15
34,16
14,14
20,16
29,16
13,15
19,14
20,16
26,13
39,15
26,14
28,16
20,16
34,15
13,15
29,13
30,15
5,14
27,16
22,16
24,13
22,15
7,12
23,15
18,15
14,15
11,12
18,15
24,14
37,15
41,15
36,13
24,14
48,15
31,14
4,14
28,15
43,16
33,16
30,14
18,15
20,16
7,15
19,14
27,14
30,12
26,13
23,13
48,14
25,14
27,13
29,14
27,16
16,16
27,15
26,16
12,13
27,14
26,14
37,14
34,15
17,15
7,15
25,13
17,16
35,13
15,14
19,17
9,14
33,14
14,14
19,15
20,15
36,15
38,14
18,15
29,14
36,15
8,14
26,14
21,14
23,15
27,15
34,15
42,14
23,15
11,16
29,15
21,15
19,15
22,16
21,14
43,12
18,13
17,15
21,14
17,13
36,14
29,13
