14,15
14,15
19,15
44,14
4,13
36,13
40,15
29,15
30,16
41,14
23,14
30,14
8,14
16,14
25,16
21,16
31,16
32,14
48,14
28,15
26,16
34,14
24,13
32,14
27,14
29,15
0,13
21,17
25,14
20,15
19,14
28,16
32,14
34,15
39,15
21,17
34,14
28,15
29,13
14,14
3,13
0,14
39,14
31,14
27,15
3,16
19,15
3,14
39,14
29,13
6,15
41,14
28,13
36,15
13,14
27,15
29,15
21,16
23,16
30,15
9,14
21,16
13,15
32,16
24,16
33,14
36,17
10,15
35,15
28,15
23,14
23,14
10,15
26,13
25,14
40,16
25,15
19,15
22,15
26,14
20,14
33,15
33,13
28,15
39,14
23,14
19,15
26,13
15,14
9,13
20,15
19,15
28,14
14,13
3,16
36,13
25,14
21,14
20,14
20,13
19,15
36,13
27,14
40,14
35,14
50,15
18,15
22,14
38,14
17,15
27,15
39,16
34,14
18,14
27,13
22,15
33,14
23,15
30,16
18,16
11,16
27,13
24,15
19,17
33,16
15,15
28,17
25,14
12,14
16,15
