14,12
14,13
13,16
17,16
13,16
16,17
15,11
16,29
15,29
13,14
14,10
14,23
15,17
13,28
14,4
14,9
16,6
16,22
16,23
15,21
16,27
14,5
14,20
14,13
16,15
15,3
16,23
15,17
15,7
16,28
16,25
17,15
15,13
15,22
14,10
14,15
13,18
14,3
16,14
14,10
14,6
14,5
16,29
15,29
17,4
16,23
15,15
14,24
15,5
14,21
15,20
12,3
14,12
13,1
14,17
15,10
17,10
13,23
16,25
15,16
14,14
15,7
15,1
13,13
14,3
15,14
14,1
16,6
15,3
16,10
14,11
16,19
14,21
14,15
17,8
15,25
15,20
13,28
14,4
14,18
16,23
14,19
16,9
16,21
15,25
13,12
14,23
15,24
16,2
16,16
15,19
14,13
14,18
16,10
15,9
14,20
16,5
14,7
16,27
14,17
14,24
15,10
14,27
12,8
14,29
14,8
15,29
15,19
14,2
14,15
16,25
16,12
13,29
14,25
13,10
14,7
14,29
15,5
15,20
14,23
14,20
14,24
13,12
14,6
16,9
13,2
15,19
15,6
15,4
14,24
15,18
15,13
15,26
14,4
