36,14
27,15
8,15
37,14
7,13
25,15
20,15
34,14
30,14
42,14
20,15
14,15
24,15
14,13
8,13
29,14
33,16
25,16
33,14
13,13
27,15
20,15
21,14
4,14
11,14
29,14
13,14
5,14
44,14
25,14
23,15
23,13
24,15
8,15
42,16
28,15
30,13
22,13
25,14
26,13
27,14
16,14
36,13
30,14
23,14
17,15
24,14
34,15
33,14
31,14
25,14
32,13
21,14
3,17
30,16
14,14
35,14
25,13
29,15
9,16
15,15
42,14
23,15
49,15
18,14
27,16
24,15
34,15
26,13
38,13
36,14
6,14
14,16
25,15
30,15
24,14
15,15
27,14
24,14
30,14
19,15
19,14
12,15
23,16
27,15
14,14
30,15
21,15
18,14
15,15
29,16
49,14
30,14
21,13
14,18
30,15
23,13
35,15
28,16
12,13
25,14
19,14
13,15
27,13
14,15
43,15
36,15
45,15
44,14
9,15
37,14
28,15
11,15
3,14
31,16
30,13
19,16
43,14
17,13
20,16
19,15
13,13
9,14
25,15
27,15
41,16
34,15
42,15
28,14
16,15
32,13
32,14
29,14
23,15
41,13
23,15
13,15
11,13
34,15
