31,15
20,14
45,14
39,15
20,14
36,14
38,15
19,15
25,13
28,14
15,15
22,15
22,14
39,15
37,16
18,14
34,15
17,14
24,14
13,14
32,15
28,13
28,14
19,13
23,14
34,16
16,15
10,15
26,14
40,15
50,14
25,13
28,14
40,14
8,13
31,14
28,16
30,14
24,14
33,15
23,13
18,15
22,15
14,14
30,14
12,16
13,15
20,14
32,16
29,14
26,15
17,14
19,16
23,13
32,15
23,15
29,12
30,15
14,14
35,15
14,15
29,16
19,13
16,15
30,15
14,16
22,16
6,15
18,15
28,16
32,13
15,14
34,14
29,15
16,16
20,13
17,16
3,14
36,14
29,16
19,14
13,14
17,15
35,15
40,14
21,16
39,15
0,15
21,14
22,14
30,15
6,15
12,13
24,14
28,13
38,15
22,16
38,13
38,13
36,13
19,15
23,15
21,14
30,14
18,14
6,15
23,15
39,14
32,14
15,14
19,15
38,16
20,16
11,14
13,15
21,16
22,16
47,14
29,12
30,14
16,15
31,15
24,14
5,13
19,13
15,14
24,15
34,15
23,15
9,15
13,15
27,13
23,15
15,13
6,14
9,13
26,15
28,13
33,14
11,14
37,13
41,14
14,13
19,14
17,15
11,15
26,14
16,14
22,15
33,14
20,13
28,15
20,13
19,16
26,16
23,16
