16,7
16,11
14,4
14,9
14,26
14,3
15,27
15,28
15,26
14,2
13,19
13,1
14,10
14,8
14,13
14,27
16,21
14,16
14,19
15,12
13,2
16,23
13,17
14,12
16,10
14,15
14,24
14,9
14,9
13,20
14,24
14,25
14,14
14,24
15,23
14,4
15,24
15,25
15,8
14,6
14,22
14,27
14,1
14,14
14,27
15,1
13,20
15,6
14,1
13,27
16,5
15,8
14,12
13,1
14,29
16,17
14,20
15,26
14,19
14,1
14,20
14,22
15,25
15,19
14,26
14,11
15,23
14,2
13,9
15,9
15,17
13,17
15,10
16,29
15,7
14,2
14,29
13,19
14,17
14,23
14,14
13,11
14,2
15,16
14,3
15,3
14,13
14,8
15,2
16,22
14,19
14,22
14,7
15,23
12,23
15,11
13,11
14,10
15,14
14,24
15,8
15,10
15,18
15,11
14,28
14,13
14,27
13,2
13,26
15,2
14,16
14,4
14,24
15,13
13,13
14,23
15,15
14,13
15,24
13,23
13,13
15,24
14,27
14,20
