17,14
25,13
17,14
6,15
12,15
5,15
6,14
25,16
13,15
15,15
2,14
11,15
25,14
25,14
6,15
25,13
19,16
5,14
12,13
24,15
5,16
22,12
23,15
23,14
11,15
5,15
16,15
16,14
6,16
24,17
28,14
11,14
21,15
6,15
12,14
25,15
1,15
20,15
12,16
7,16
2,15
21,13
4,14
13,14
3,14
19,14
13,13
21,14
4,14
10,16
2,14
28,14
11,15
26,13
16,15
21,14
20,13
14,15
14,14
14,15
22,15
21,15
10,13
18,14
28,14
4,14
23,15
7,16
15,13
25,15
28,14
8,14
8,13
13,13
10,14
25,15
9,14
11,15
20,14
9,14
3,13
18,14
4,16
27,15
2,15
25,13
18,13
0,15
13,15
10,14
18,15
14,15
24,17
22,13
20,16
16,14
6,13
19,15
20,14
23,15
20,16
22,15
24,14
13,16
29,14
18,15
5,15
26,14
18,14
10,15
0,14
9,14
14,14
17,14
18,17
6,13
23,14
5,15
16,14
11,16
21,15
11,14
4,15
10,14
5,15
4,13
0,13
15,15
7,14
2,15
24,14
9,13
26,15
23,14
15,14
7,14
22,14
20,14
4,16
18,14
3,15
22,15
3,15
9,14
19,15
8,15
10,17
5,15
29,15
10,14
