13,14
15,14
15,15
14,14
15,14
16,12
14,14
15,14
15,14
14,15
15,14
15,14
14,14
15,14
14,16
14,16
14,16
16,14
13,15
15,14
15,16
14,14
16,14
15,14
15,13
15,13
15,14
15,15
15,15
15,14
14,15
13,15
14,15
15,14
14,15
13,14
15,15
13,14
13,15
15,14
14,15
13,14
15,14
15,13
15,15
14,14
14,15
15,14
15,15
15,15
13,15
16,15
15,15
14,15
15,14
16,15
14,16
14,12
14,14
14,14
15,15
15,15
15,14
15,16
13,13
16,16
15,14
15,14
14,17
15,13
14,14
15,14
16,14
13,15
14,16
14,15
14,12
15,14
14,15
14,13
14,14
14,13
15,14
16,14
16,14
15,13
14,13
15,13
14,16
14,14
15,14
14,15
15,14
15,14
15,14
15,15
14,15
15,14
16,14
14,15
15,14
15,15
15,16
14,12
14,15
14,13
15,15
14,15
15,16
15,13
14,16
15,14
14,16
13,16
13,14
15,15
15,15
14,15
16,12
13,16
14,15
16,15
14,16
15,14
14,15
14,15
16,14
15,15
16,13
15,15
15,14
13,14
13,14
14,13
15,15
14,14
14,15
16,14
14,15
15,14
15,15
16,14
15,15
14,15
14,14
16,14
15,14
15,16
12,13
12,15
14,14
13,15
15,13
14,13
14,15
16,18
16,13
14,13
14,14
13,14
12,15
15,14
13,13
15,14
15,15
13,16
15,13
14,12
13,14
14,16
14,13
14,16
14,16
15,13
15,14
14,15
13,16
12,13
15,14
14,14
