15,36
16,42
14,24
12,29
15,20
14,15
15,22
13,22
15,42
15,11
16,26
15,28
15,15
14,32
16,17
15,18
15,12
13,31
14,19
14,18
13,24
14,25
15,16
13,5
13,33
13,46
15,24
15,33
15,41
16,30
15,35
15,22
15,37
14,31
14,24
14,36
16,42
15,27
13,15
15,21
15,16
14,32
16,22
14,31
13,33
13,15
16,27
14,40
14,15
13,12
15,45
14,4
14,29
16,25
14,21
14,23
13,31
15,40
14,19
14,10
15,4
17,38
15,20
16,15
15,23
15,17
15,22
13,20
15,11
14,18
15,17
14,35
14,35
14,6
15,25
13,25
14,15
15,24
14,36
14,32
15,24
14,20
15,14
14,22
15,23
14,20
15,11
13,19
15,21
15,24
15,28
12,23
13,31
14,24
13,16
13,18
13,19
14,17
15,24
14,18
15,31
15,45
16,38
15,33
12,22
15,30
14,33
16,24
14,14
15,21
15,22
13,17
15,17
14,36
16,22
15,15
15,31
14,22
14,18
15,25
14,21
14,22
14,35
15,21
16,30
15,40
15,25
13,17
15,42
15,18
15,43
14,18
14,35
14,16
15,1
15,41
15,2
14,33
14,34
15,25
15,23
16,24
15,32
14,38
17,28
14,26
14,9
15,20
17,38
15,24
14,35
15,33
14,28
16,24
14,14
14,32
13,23
16,35
16,13
14,51
14,21
15,31
14,40
14,15
15,16
14,11
14,19
13,10
16,14
14,31
15,29
14,18
15,23
15,25
14,27
15,11
17,16
15,8
13,14
13,23
