16,14
16,13
14,22
15,26
15,29
15,28
15,21
15,19
16,18
13,18
14,28
15,24
14,25
13,20
14,19
13,26
13,18
16,12
16,25
15,19
14,11
15,25
15,24
14,19
14,16
15,12
17,22
14,2
14,10
14,16
14,13
15,16
14,2
14,7
15,18
14,9
14,3
14,14
14,7
15,6
13,21
15,7
15,15
13,13
18,29
16,18
14,5
14,29
15,14
15,11
16,21
14,21
15,14
15,2
15,10
14,10
15,23
14,15
14,19
15,29
15,16
16,21
14,11
16,9
15,28
13,4
14,11
11,13
15,13
14,10
14,28
15,20
13,10
16,24
12,19
14,23
14,7
14,27
14,27
13,9
16,17
15,1
14,13
14,9
14,9
13,18
14,27
14,15
15,24
16,25
16,16
14,27
12,26
14,22
15,23
13,21
15,10
15,27
12,19
15,22
15,23
16,9
15,29
17,29
15,21
13,25
14,20
15,16
13,19
13,1
15,8
14,2
17,14
14,17
16,12
15,12
14,23
14,12
14,15
15,7
16,27
13,28
15,1
14,6
15,20
14,1
13,3
16,4
14,3
14,21
14,10
13,21
14,8
16,29
15,14
13,4
15,29
12,19
15,17
13,18
14,17
13,6
16,17
15,23
14,1
15,5
15,25
15,12
16,3
14,23
14,26
13,13
16,6
15,14
15,14
14,16
15,14
14,5
15,19
14,1
14,7
12,14
15,15
16,4
15,1
14,27
14,13
13,8
14,27
17,27
15,8
13,24
16,2
15,15
15,16
16,8
13,27
16,18
