14,14
15,28
14,25
15,34
14,27
14,31
14,16
14,29
15,1
14,22
16,56
17,36
14,36
15,38
14,41
14,18
13,22
14,22
15,24
15,43
15,24
17,40
14,31
15,37
14,19
14,18
13,21
16,32
15,11
14,42
14,24
15,22
15,21
15,18
15,24
14,21
13,27
14,32
15,11
14,14
14,25
13,23
13,9
14,27
13,29
15,31
14,29
14,35
14,14
14,27
12,11
16,21
12,27
14,53
15,26
15,49
14,19
14,20
15,18
14,20
14,29
16,16
14,37
15,25
16,32
15,16
15,32
14,22
14,28
16,17
14,23
13,10
14,29
14,32
14,26
14,21
12,35
14,13
15,20
15,9
13,34
14,38
14,23
15,19
16,25
15,40
13,20
16,24
15,27
15,20
15,20
13,25
16,37
14,16
13,20
16,22
15,24
14,17
15,19
14,14
14,23
15,14
14,38
13,5
13,57
16,29
15,19
14,23
