1,14
24,15
16,16
8,14
0,13
7,14
3,14
3,14
8,14
12,14
19,13
3,15
2,14
18,14
7,15
23,14
12,15
2,15
9,15
15,14
9,16
2,13
14,14
7,14
9,14
7,14
18,14
4,15
10,15
25,15
0,14
15,14
27,13
13,12
13,16
17,14
29,13
4,15
14,15
12,14
23,13
27,16
12,15
7,15
1,15
1,15
28,14
1,14
13,16
16,15
25,15
24,14
23,16
21,15
21,16
25,15
1,13
9,13
19,15
25,14
17,12
8,14
4,15
23,15
1,15
4,14
17,14
22,15
21,16
5,15
20,14
28,15
9,16
12,15
19,16
11,14
2,16
3,15
18,16
16,14
28,14
9,16
22,14
19,14
0,13
4,16
20,14
10,16
20,14
1,14
8,16
5,13
9,15
1,16
6,15
24,11
27,15
24,15
4,14
22,13
23,15
7,14
22,15
21,16
10,14
11,15
15,13
4,15
5,14
23,14
27,15
24,15
15,16
16,15
19,14
14,11
2,15
20,16
15,13
3,13
6,17
3,16
15,15
8,15
9,15
27,15
6,15
1,14
27,15
26,14
2,14
16,16
2,14
11,14
29,14
16,14
6,16
4,14
23,12
3,15
27,13
29,14
6,14
3,14
17,13
23,13
0,14
25,16
4,16
13,15
11,13
4,16
11,16
13,13
23,15
19,15
25,15
11,14
20,15
29,14
