15,45
15,31
14,29
15,9
14,17
16,19
15,26
15,19
14,14
14,27
14,27
13,19
14,36
16,32
16,33
12,10
16,18
16,34
14,14
13,33
15,8
13,46
15,17
14,39
14,28
14,30
14,35
16,16
14,16
16,19
14,25
14,5
16,41
15,20
16,30
16,18
14,20
15,19
15,12
15,24
14,32
16,29
14,44
15,10
14,32
15,20
13,16
17,25
14,40
15,21
15,42
13,13
14,20
14,5
15,29
15,22
14,37
15,16
15,1
14,31
15,17
16,24
16,52
15,30
14,22
15,16
16,32
15,25
15,1
14,24
16,17
15,19
16,32
14,12
14,34
15,22
13,35
16,36
15,23
16,23
14,21
15,28
16,29
15,5
15,15
15,38
13,19
15,23
14,42
14,26
14,21
16,7
16,19
13,35
12,25
14,11
15,30
16,39
15,37
14,10
15,7
14,27
14,33
16,20
14,31
15,29
15,42
13,18
15,41
16,24
14,31
14,18
14,26
16,28
13,13
13,38
14,25
15,14
15,22
14,40
15,16
15,34
15,30
14,17
15,26
15,19
14,37
14,17
14,17
15,29
12,40
14,37
15,34
15,27
15,18
15,31
13,14
13,37
13,26
15,26
14,24
14,21
14,11
14,13
14,33
15,13
14,33
14,17
15,19
14,17
