15,12
24,15
23,13
23,15
3,14
29,16
5,13
1,16
25,15
5,15
13,15
11,14
2,15
24,14
3,14
26,15
9,14
7,14
26,14
25,15
20,13
25,16
22,14
22,14
19,15
3,15
16,15
10,15
18,15
18,16
23,15
8,13
8,14
17,12
17,15
16,15
0,14
11,13
18,14
10,14
26,14
20,16
27,13
13,15
0,14
3,15
1,15
15,15
7,16
22,14
5,16
5,14
23,13
1,15
17,15
13,13
16,14
19,14
3,14
0,15
26,15
5,15
26,15
9,15
12,14
25,14
26,14
15,13
21,16
29,16
3,16
4,15
4,14
1,14
4,15
11,14
19,16
23,14
17,15
9,14
12,13
3,15
24,15
9,14
1,14
17,16
18,14
27,16
17,14
14,15
14,15
14,13
25,16
10,14
0,12
25,14
8,14
11,14
12,13
1,16
26,14
19,15
7,12
14,14
21,15
18,15
16,15
15,12
24,12
21,15
4,14
22,15
7,13
9,14
27,13
26,13
28,15
15,14
13,17
7,15
7,16
23,15
7,15
9,15
7,15
27,14
4,16
2,14
24,13
15,15
9,15
27,14
17,15
4,16
4,14
2,14
26,14
26,15
17,17
3,14
19,16
14,15
25,14
23,13
17,15
5,14
27,12
26,14
29,15
11,15
26,13
23,15
13,14
15,14
1,16
20,13
23,15
26,16
1,13
6,16
21,13
10,14
6,14
7,18
9,12
14,16
0,14
24,16
22,14
20,14
