15,3
16,12
14,16
16,13
15,28
15,7
13,14
14,9
14,15
15,1
15,19
14,21
14,10
15,26
12,25
14,27
15,26
15,5
15,16
14,10
15,15
15,13
13,4
15,10
14,22
15,8
13,29
13,17
14,24
15,27
14,12
13,6
17,11
14,5
15,9
14,15
16,25
14,27
14,27
16,12
13,20
13,21
14,15
14,10
15,19
14,17
13,27
16,26
14,4
12,3
14,13
12,20
15,29
15,12
15,27
13,3
15,3
16,2
15,7
14,26
13,28
16,6
15,28
15,19
14,22
13,26
16,27
15,11
13,8
16,8
15,17
13,4
13,18
13,26
15,4
15,25
15,12
15,18
13,8
15,7
16,22
15,8
14,7
16,22
16,15
16,14
16,2
14,29
13,23
14,27
12,20
15,16
15,7
15,25
15,16
16,12
13,20
15,22
14,23
15,18
14,15
15,10
15,12
13,21
13,9
14,14
15,16
15,1
15,9
14,12
16,20
15,22
14,29
15,26
14,26
14,24
