0,14
21,14
35,12
35,16
28,16
33,14
41,15
27,13
14,17
36,16
37,14
38,15
7,14
25,15
31,15
14,15
32,16
27,15
34,13
13,15
31,14
17,14
14,16
33,16
26,16
13,15
26,13
23,14
27,14
42,14
6,16
28,15
19,14
19,13
23,15
12,16
28,14
32,14
24,16
33,13
17,14
23,14
23,14
27,16
36,13
11,14
19,15
2,16
19,16
41,14
15,14
13,16
20,16
22,14
27,16
25,14
10,14
28,15
28,17
22,16
27,14
50,16
36,15
17,14
21,14
32,15
10,14
23,16
18,15
14,13
29,14
22,14
19,15
12,13
32,16
3,15
31,14
36,15
23,15
13,12
25,15
44,13
20,15
27,14
23,16
37,16
12,15
30,14
18,16
12,16
29,15
2,15
30,15
13,14
29,13
21,14
18,15
41,13
29,16
37,13
28,13
11,14
30,15
35,16
28,12
36,16
18,15
20,16
40,16
23,14
19,13
32,14
29,15
39,13
30,15
39,15
26,12
37,12
38,15
15,13
15,14
35,14
24,14
13,13
29,14
28,13
24,15
37,15
22,14
30,15
35,14
12,13
20,15
21,14
31,17
10,13
26,14
27,16
19,16
12,14
21,14
21,15
38,14
31,16
27,14
20,15
30,13
36,17
15,14
21,16
32,16
23,14
8,14
30,15
22,14
34,14
27,14
17,13
30,13
5,15
31,14
40,15
52,15
14,13
21,15
30,15
41,16
22,17
11,14
30,13
23,13
11,16
41,13
22,16
33,13
20,15
42,15
19,14
39,15
