14,24
15,13
18,16
16,18
13,29
14,25
13,6
13,3
15,7
13,20
16,23
13,15
14,12
15,28
14,5
15,29
14,3
14,4
13,8
13,20
13,10
16,10
13,26
15,2
15,25
17,27
16,27
14,3
15,7
14,23
12,15
14,9
14,19
14,8
13,25
16,4
15,19
14,27
15,19
14,1
14,10
13,9
14,3
13,20
14,23
15,20
14,12
14,7
15,8
15,12
15,18
15,12
14,9
15,6
15,3
14,7
15,11
12,13
16,21
13,13
13,24
14,29
13,24
16,15
15,18
15,9
15,28
14,26
15,24
15,13
15,18
16,17
15,25
15,5
14,9
14,23
16,8
14,11
14,11
13,6
15,18
16,12
14,3
14,20
14,20
14,6
14,19
15,5
14,1
15,22
14,20
