25,14
14,14
22,14
26,16
29,14
3,14
23,14
28,16
4,15
6,15
0,14
0,14
18,15
12,14
29,16
1,14
29,14
8,14
11,14
27,14
24,14
2,15
2,14
25,17
24,14
19,16
10,14
12,13
15,15
15,14
18,15
9,14
1,13
28,16
10,15
14,12
25,14
2,15
24,15
8,14
10,17
22,14
24,15
15,13
9,14
11,13
24,15
8,13
25,13
21,15
18,16
7,14
15,16
3,14
2,15
7,15
15,15
23,14
19,16
14,15
26,14
3,14
13,14
18,14
10,15
1,15
19,14
24,14
5,14
4,14
0,16
29,15
15,16
13,15
11,14
23,13
27,15
1,15
2,16
25,13
27,13
20,14
19,14
13,15
15,14
12,14
5,13
24,15
12,14
15,14
6,16
6,12
2,14
13,14
22,15
1,13
17,14
9,14
22,15
2,15
2,16
1,15
14,15
15,15
22,15
24,15
26,16
14,13
3,16
22,15
8,15
4,14
5,15
16,14
21,13
15,16
16,15
16,17
9,16
27,15
27,14
25,15
20,17
27,14
7,13
3,15
20,14
17,15
28,15
24,13
