18,16
22,15
15,14
10,14
20,14
22,15
28,13
21,15
0,16
6,12
8,15
22,14
28,15
21,14
23,14
8,13
13,13
13,14
9,14
25,16
1,17
22,15
29,15
26,14
5,14
29,14
14,14
11,14
16,15
25,14
2,15
24,14
15,14
6,14
25,15
11,13
16,14
26,14
3,14
11,12
12,13
26,14
9,12
19,16
19,14
10,17
24,15
11,13
25,17
5,15
9,14
12,14
18,13
12,15
19,15
21,16
9,16
22,15
19,14
15,14
12,13
16,15
7,15
14,14
6,13
0,16
13,14
14,15
15,15
23,14
6,17
15,16
24,16
8,14
4,14
16,15
26,15
7,15
29,15
6,15
20,16
23,14
21,15
0,15
9,14
0,14
21,13
28,14
3,15
29,14
22,14
7,16
14,15
6,15
11,13
7,14
11,16
2,14
6,13
3,13
