1,14
15,16
12,16
5,14
12,15
14,15
13,15
9,14
1,14
15,13
6,13
8,13
21,15
4,16
9,16
19,13
4,15
2,13
18,15
25,14
12,14
17,14
28,15
3,16
8,12
2,14
22,14
18,13
28,13
12,14
20,13
5,14
11,14
23,12
9,15
18,15
17,14
23,13
4,14
2,14
28,14
25,15
2,14
7,14
27,14
20,14
12,14
17,15
13,15
4,16
7,16
14,17
11,15
27,14
23,15
12,15
25,13
17,14
10,15
20,14
10,16
23,13
3,15
6,15
29,16
0,13
4,16
12,16
29,15
24,14
24,15
26,14
27,15
12,15
6,14
26,13
3,14
2,15
10,14
9,16
14,15
9,14
19,13
1,15
14,16
17,14
21,13
23,16
4,13
19,13
6,15
11,14
28,15
21,14
3,14
7,15
13,14
0,13
28,15
28,14
11,14
2,14
22,14
15,14
10,15
13,15
13,13
9,13
16,14
26,14
19,13
22,15
12,14
2,15
10,14
15,16
18,13
8,16
19,15
12,14
