14,40
15,37
15,25
15,2
15,30
14,32
14,20
15,14
14,24
14,21
15,26
15,32
16,35
15,30
16,29
12,29
16,16
13,28
16,23
14,33
13,29
16,3
15,19
14,24
14,27
14,18
15,5
14,31
13,32
14,27
14,23
13,31
14,26
15,35
16,27
13,25
14,11
17,18
15,21
13,27
14,39
15,20
15,29
16,46
15,22
13,12
15,30
14,21
15,8
14,22
13,13
16,26
16,27
15,14
16,18
14,17
14,24
14,28
13,18
15,31
14,14
15,20
15,32
17,10
13,21
16,20
14,12
16,23
15,27
15,26
14,3
13,32
15,23
16,23
17,22
15,10
17,7
15,28
15,7
15,22
15,17
18,35
14,16
13,36
14,14
15,11
15,17
14,26
14,31
15,30
16,20
15,29
15,21
13,37
15,12
14,30
15,26
15,11
14,20
14,24
16,33
13,31
15,29
13,25
14,24
14,32
15,38
13,7
14,32
15,3
14,33
13,37
14,11
14,27
14,32
14,29
14,6
13,8
13,12
15,17
14,21
15,24
15,31
14,30
15,22
14,20
16,29
14,24
15,20
16,26
14,34
16,32
13,8
14,23
14,30
13,39
13,41
15,36
13,22
15,50
14,30
16,18
15,23
12,14
15,29
14,19
16,39
15,21
14,35
15,18
16,27
15,23
15,28
15,31
16,34
16,39
14,22
15,13
15,33
13,24
