15,6
13,27
16,19
15,4
15,16
15,11
14,14
14,16
16,6
15,19
13,4
14,22
15,1
15,11
15,27
14,9
14,23
14,28
16,1
14,11
14,24
13,8
15,8
14,9
14,18
15,5
14,28
16,11
14,22
16,28
15,20
15,25
16,13
16,3
15,19
11,3
16,2
15,5
14,2
16,8
15,5
13,28
14,1
15,5
15,4
14,2
16,8
14,3
15,21
14,28
14,20
14,19
15,21
15,9
14,9
14,24
12,7
13,17
15,8
13,28
16,17
14,3
14,15
15,26
14,4
14,20
15,15
14,8
15,27
15,3
16,27
14,1
14,18
13,3
15,6
15,27
14,3
15,3
14,26
16,16
13,2
13,29
14,6
14,25
14,11
15,2
15,10
14,19
14,11
14,6
14,5
14,13
14,18
14,13
14,20
14,12
13,26
14,11
16,19
14,20
16,10
16,8
14,28
14,25
15,7
15,23
15,11
15,9
16,25
14,11
15,17
14,29
15,3
14,4
15,27
14,8
14,19
15,7
14,28
13,11
15,28
14,2
15,2
15,3
13,15
13,2
15,25
13,1
14,23
16,25
14,9
14,6
16,12
13,15
17,21
15,5
14,24
16,24
15,9
15,4
15,5
14,8
16,11
14,19
14,15
14,18
16,8
14,17
14,19
15,29
16,2
15,16
13,16
14,20
14,8
15,12
