13,15
14,16
16,14
14,14
15,15
16,13
15,15
15,13
14,15
13,14
15,14
16,16
15,14
16,14
16,15
14,14
14,15
15,15
14,15
16,15
17,17
15,12
13,15
14,15
14,14
12,15
15,15
13,15
14,15
14,13
13,13
14,16
14,14
15,13
16,14
15,15
14,15
15,15
15,14
15,18
13,14
16,15
13,16
14,16
13,16
14,14
15,14
14,14
15,17
14,14
15,16
17,14
15,16
15,14
14,13
13,16
16,15
13,14
15,14
15,16
14,14
14,13
14,14
15,14
16,14
16,16
13,15
14,16
13,15
13,14
15,13
16,15
15,14
14,14
14,16
16,13
16,13
15,14
14,14
14,15
15,15
15,16
17,15
15,16
15,15
15,14
13,13
14,14
14,14
12,15
15,13
15,17
15,15
15,14
16,16
15,15
15,11
13,15
14,14
15,14
15,14
13,13
12,14
15,14
15,14
14,15
15,16
13,13
15,15
16,15
