16,35
14,21
14,10
14,23
13,33
13,25
13,10
13,39
14,21
16,16
11,17
15,20
14,35
12,21
14,30
14,39
12,16
13,13
14,32
14,6
14,29
12,14
15,16
14,37
15,26
15,46
14,21
15,13
14,17
14,12
12,21
16,32
14,34
14,34
16,31
15,22
16,21
15,2
16,28
15,24
14,28
14,35
14,21
14,29
14,10
15,18
15,27
14,38
15,8
15,24
14,25
16,32
15,32
15,19
17,18
15,26
15,48
13,34
15,18
13,14
13,24
15,28
15,14
15,32
14,38
14,10
14,15
16,26
16,20
15,22
14,10
15,16
16,25
15,20
14,27
16,36
14,13
15,16
15,24
15,33
16,27
15,20
14,27
15,25
14,16
16,6
15,33
14,18
17,35
16,19
14,32
14,16
14,30
14,22
14,16
16,28
16,29
13,35
14,17
