10,14
19,15
22,15
45,13
16,14
22,14
17,14
18,13
28,15
22,15
39,14
30,15
34,14
30,16
40,14
37,15
18,15
25,15
25,14
8,15
28,14
27,15
29,15
15,14
15,13
19,14
33,13
15,15
23,14
28,15
16,15
25,13
10,13
19,14
19,16
19,15
30,13
28,15
24,15
44,14
13,15
21,14
12,15
17,15
24,11
14,13
26,14
37,14
29,13
41,14
22,14
6,16
13,14
47,14
10,15
32,13
39,13
15,15
27,15
32,15
12,16
0,15
36,15
30,14
5,15
20,14
25,15
26,14
34,13
31,15
15,14
34,14
26,15
15,16
16,15
38,14
46,13
38,14
2,13
17,15
56,14
27,14
0,16
20,16
23,17
15,15
30,15
30,15
43,13
21,13
21,16
17,15
38,13
40,15
38,15
18,14
32,15
11,12
15,14
38,15
28,13
22,13
24,15
33,16
38,14
26,15
30,15
18,13
26,16
12,15
16,15
17,14
11,15
23,15
31,15
0,15
7,15
0,15
8,15
26,13
39,13
19,15
16,14
25,15
13,15
48,14
38,13
30,14
26,13
38,14
30,14
36,15
26,13
37,15
9,13
19,14
42,15
30,13
25,15
32,14
37,14
19,13
19,15
27,16
18,15
37,15
23,15
33,15
40,16
0,14
29,14
34,15
40,15
16,12
9,14
21,14
35,16
6,15
9,14
43,15
22,15
21,14
11,14
42,14
17,14
23,14
14,14
19,15
17,14
27,12
31,15
33,14
19,13
25,14
32,14
18,15
24,14
29,14
25,15
40,15
31,15
31,15
29,15
21,15
0,16
43,13
15,15
43,14
