33,15
13,16
33,16
32,15
22,12
34,16
35,13
18,14
24,15
17,14
21,14
17,15
11,13
33,15
41,16
38,15
30,14
24,15
43,15
0,14
14,16
36,15
33,12
10,14
20,13
18,15
24,17
5,13
33,15
33,14
33,14
27,17
12,16
24,13
30,14
28,13
24,15
40,15
16,17
36,15
41,15
14,14
19,14
28,14
27,12
15,14
15,16
13,14
40,15
26,13
35,13
14,14
24,16
28,14
36,13
32,14
25,14
31,14
32,15
35,13
19,14
34,14
27,16
23,13
42,15
31,16
16,14
19,15
31,15
26,15
27,15
39,15
25,14
26,13
24,16
29,13
28,15
23,13
20,17
17,13
35,15
13,14
35,16
23,16
20,15
31,15
24,14
26,14
17,16
25,14
25,14
33,14
16,14
22,15
39,13
25,13
39,14
24,15
26,16
30,15
10,16
28,14
30,15
34,16
17,15
10,14
16,15
18,16
28,14
17,13
