16,22
17,37
16,15
15,20
14,16
14,12
13,21
15,32
15,42
14,31
15,21
14,16
15,14
15,44
15,25
15,33
15,34
16,24
15,25
13,24
15,23
15,23
14,18
15,18
15,37
16,29
15,8
14,27
16,19
14,4
17,26
14,17
16,39
14,35
14,35
16,24
14,24
14,23
15,33
15,24
13,15
14,9
18,31
15,17
12,24
15,27
17,30
13,10
17,19
13,18
14,23
14,25
17,8
14,20
13,23
15,16
15,12
14,14
15,25
15,3
14,44
16,36
14,32
16,18
17,25
14,35
16,27
15,25
16,28
15,27
14,28
14,23
15,22
15,45
16,32
16,20
13,32
13,37
16,31
16,14
15,38
14,25
14,10
14,29
13,18
13,30
15,7
15,24
15,36
14,27
13,30
15,26
16,11
17,19
13,19
14,35
15,35
15,34
15,12
14,33
14,24
15,36
15,3
14,38
14,44
14,9
14,30
14,14
16,14
14,25
14,29
15,22
16,18
15,14
13,20
13,23
17,33
16,44
14,5
16,37
14,29
13,34
14,17
13,27
14,48
14,25
14,39
13,37
14,26
14,14
14,35
16,37
14,27
14,21
13,24
14,46
15,17
13,29
16,25
