36,16
31,14
24,15
14,15
27,15
19,16
44,13
18,14
47,15
17,14
15,15
36,16
16,13
30,14
28,16
12,16
14,16
49,15
42,15
29,14
24,15
29,15
19,13
28,16
34,13
27,16
20,14
30,14
22,16
34,16
44,14
26,15
12,15
26,12
19,14
28,13
36,14
14,14
17,13
18,13
19,14
33,16
39,14
29,14
18,16
18,16
36,14
5,15
41,13
21,14
11,14
23,14
16,15
30,16
31,14
25,14
25,15
28,14
31,14
31,16
24,15
25,14
30,14
10,15
2,15
18,15
30,15
39,15
26,14
28,15
24,14
20,15
40,14
49,13
12,14
29,13
24,13
19,15
22,15
15,15
18,15
29,15
21,14
36,15
20,15
37,14
26,13
28,14
46,15
21,16
5,15
10,14
12,15
34,15
28,14
36,16
20,13
18,15
9,16
16,13
10,15
25,14
29,14
25,16
44,14
41,15
18,13
29,14
36,16
8,14
40,15
27,13
12,14
27,16
26,15
29,14
29,14
41,14
13,16
34,13
10,15
22,15
13,13
40,13
17,15
26,15
29,15
23,14
23,13
16,15
19,14
29,15
26,15
14,15
30,13
38,16
28,17
24,14
15,16
44,14
17,13
17,14
7,14
29,15
34,14
30,15
33,15
25,14
22,14
11,16
8,13
29,16
39,16
31,14
26,15
17,14
27,15
10,13
22,14
34,15
32,16
23,14
29,15
46,15
29,14
26,15
9,14
35,16
24,16
