25,15
17,15
19,16
36,15
23,14
18,12
21,15
27,14
3,14
22,15
32,14
32,15
20,14
47,16
32,14
18,14
25,15
26,15
26,14
34,16
19,12
12,15
31,14
22,14
16,13
36,14
32,13
35,14
27,15
21,16
34,15
24,15
12,16
39,16
26,15
32,15
36,15
12,14
32,14
32,15
22,16
28,14
44,15
31,15
19,16
21,15
29,14
20,14
24,16
38,15
28,17
39,14
7,15
34,16
13,14
0,15
20,14
26,15
0,14
24,14
19,14
24,14
28,15
17,15
32,15
31,14
44,14
13,15
15,17
27,13
25,14
23,14
12,15
27,16
29,15
11,15
28,16
24,15
32,15
31,16
22,13
5,15
29,13
26,14
31,15
34,13
28,14
38,15
11,13
41,14
29,14
24,15
27,14
30,14
24,14
11,13
25,16
15,12
17,14
28,13
