14,31
15,33
16,11
16,21
16,29
16,32
14,20
14,25
15,20
16,36
14,30
13,25
14,32
16,23
14,18
14,23
16,23
13,25
13,17
15,12
16,4
15,11
14,29
16,23
16,32
16,4
14,15
14,22
15,28
15,30
14,17
14,21
15,39
14,26
13,25
15,28
14,20
13,26
13,26
15,28
14,21
15,39
13,21
15,32
14,18
16,41
15,22
15,29
14,19
15,23
16,36
13,10
13,24
16,28
16,33
16,26
16,28
16,31
14,32
14,38
15,13
15,15
17,21
15,32
13,13
15,27
14,22
17,31
14,27
13,44
15,24
15,17
15,24
14,8
14,32
15,19
14,24
14,39
13,13
15,33
15,26
15,18
16,36
14,42
13,39
15,33
15,8
14,22
15,23
15,32
14,14
16,21
16,20
17,25
16,23
14,23
14,34
14,17
14,11
15,21
15,28
14,18
15,14
15,41
15,10
13,31
17,24
15,21
14,45
14,26
14,14
14,27
13,27
15,26
15,20
15,27
14,25
15,33
17,20
13,21
14,6
14,21
14,16
14,26
14,23
14,31
14,13
15,27
15,11
13,17
