14,23
15,10
15,12
16,1
14,16
15,26
15,21
13,2
14,23
15,15
14,12
14,16
14,1
14,14
14,29
14,24
13,9
15,11
15,2
15,15
14,14
13,22
14,2
14,14
13,28
16,22
14,4
15,28
14,18
15,21
16,10
14,28
14,16
16,6
15,20
14,16
15,8
14,8
15,28
14,24
14,10
15,11
17,26
14,9
13,5
12,27
15,9
16,16
15,10
16,19
15,21
15,28
15,22
14,14
13,19
15,17
12,23
15,3
16,13
15,2
14,28
15,13
16,17
15,20
14,23
15,6
13,23
14,12
14,20
13,9
15,24
11,29
14,7
14,4
14,12
14,25
14,24
14,28
15,15
13,25
16,26
15,29
14,27
14,10
14,18
14,15
13,21
15,16
13,10
15,16
16,2
18,21
13,16
16,12
15,12
13,25
13,9
14,26
17,23
13,1
15,1
17,16
13,27
16,20
16,1
15,21
15,23
14,19
16,2
14,15
14,23
13,26
16,8
15,9
16,2
15,3
14,2
13,22
13,14
15,12
16,26
16,9
15,7
16,6
16,10
14,11
16,9
14,1
14,7
15,6
17,19
15,5
13,17
13,18
14,27
14,10
15,18
15,14
13,23
14,25
16,22
16,12
15,17
14,20
15,7
13,26
15,2
12,15
16,17
14,26
16,29
15,16
14,6
14,23
16,28
16,4
14,12
16,28
15,3
13,9
15,20
15,11
14,23
15,5
14,14
13,16
14,10
15,17
14,3
13,26
13,5
15,4
14,18
15,25
12,7
14,2
16,19
15,14
16,16
14,17
17,20
14,11
15,10
15,26
17,15
15,25
