14,18
13,2
16,9
14,16
15,5
16,27
15,28
14,11
14,20
13,1
14,29
13,29
15,14
14,2
14,19
15,26
16,26
16,5
15,4
16,17
14,21
13,26
15,17
16,24
14,4
13,22
15,16
14,21
15,21
16,22
14,19
15,6
14,26
15,29
14,2
14,27
14,22
15,25
14,8
16,2
15,2
14,22
15,25
13,8
14,6
14,1
15,21
15,20
14,28
13,3
14,11
16,2
14,18
17,18
14,2
15,11
14,14
13,18
15,28
15,20
15,26
16,10
11,13
13,4
15,14
14,5
14,11
14,10
15,5
15,19
14,15
15,23
15,15
14,27
17,11
15,7
15,27
14,9
15,14
15,19
16,16
14,16
18,22
14,7
13,2
15,3
16,14
14,11
16,12
13,17
15,4
14,26
15,2
14,12
14,27
14,23
16,7
14,11
15,18
13,9
14,22
15,21
15,21
16,11
14,28
17,19
14,28
14,10
13,12
13,12
13,9
15,10
15,21
14,15
14,3
15,18
16,4
12,8
14,4
15,23
13,16
14,4
15,24
15,5
15,19
17,8
15,11
14,15
12,28
16,5
15,6
14,24
15,25
15,27
12,20
16,26
14,1
15,5
14,3
15,25
14,13
12,6
14,26
14,29
14,3
14,26
13,25
15,18
13,20
13,20
15,14
14,11
16,18
15,14
14,15
13,8
14,24
15,11
13,10
15,5
14,12
16,16
