16,24
13,28
15,28
15,31
14,6
14,29
15,32
13,24
17,32
14,27
15,21
15,27
14,25
14,30
15,37
14,19
15,11
16,28
15,23
13,14
14,35
14,24
13,25
14,30
14,37
13,28
13,38
16,38
17,9
16,26
15,29
14,13
15,44
15,5
14,7
16,31
14,36
13,20
14,37
14,32
16,18
16,38
15,14
15,52
14,14
16,22
13,11
13,14
14,35
14,24
14,26
14,24
16,26
15,34
16,40
15,26
14,29
15,21
18,30
13,20
14,19
14,12
14,18
14,41
14,30
15,27
13,13
14,16
17,24
15,40
14,33
14,24
15,33
13,14
14,19
16,12
15,28
14,30
13,5
14,28
14,29
16,27
15,2
14,11
13,23
13,25
13,36
15,31
14,24
14,16
14,30
15,25
13,12
16,7
15,35
13,35
15,27
15,30
16,23
13,37
16,37
15,4
16,24
15,38
14,15
16,30
15,32
13,21
15,18
14,18
15,4
14,11
13,10
14,12
13,11
13,28
16,11
16,31
17,21
15,20
14,25
16,8
15,25
15,26
16,26
12,26
14,30
14,28
14,15
15,30
14,33
14,35
15,37
12,3
15,45
15,17
14,26
15,35
14,10
16,15
15,22
14,42
15,27
13,16
16,8
15,35
15,3
13,15
15,26
14,27
13,21
14,21
15,23
14,26
14,30
16,38
14,35
14,21
13,28
12,41
13,19
14,32
13,23
15,26
16,15
15,26
14,33
17,15
14,22
