18,14
14,14
14,17
16,14
15,15
13,15
16,15
14,14
14,14
16,15
15,17
14,15
12,15
14,14
15,15
14,13
14,15
15,13
12,13
14,15
16,15
15,15
14,14
15,16
15,14
15,13
14,16
15,14
14,15
14,14
14,14
15,16
12,11
14,15
16,14
15,15
13,15
14,15
15,15
14,14
15,14
14,16
14,16
12,15
13,15
13,14
14,13
15,15
14,15
15,16
13,15
14,16
16,14
13,17
13,16
14,16
14,14
14,13
13,15
14,14
15,13
14,15
15,17
11,14
15,15
15,16
15,16
14,14
14,15
16,15
14,16
15,14
13,14
14,14
15,15
14,16
14,13
15,13
15,15
16,16
17,13
14,14
15,16
13,14
14,12
14,15
14,13
14,15
15,13
15,15
12,14
14,13
14,15
16,16
15,14
14,15
12,15
14,15
15,13
15,14
14,15
15,16
13,16
17,16
14,15
13,15
14,14
16,15
14,14
15,14
13,16
13,14
13,14
13,15
13,14
14,16
13,14
16,14
14,15
13,15
13,15
15,12
15,15
15,14
13,15
15,14
14,13
15,15
14,15
14,15
14,13
15,15
15,14
13,15
15,16
15,15
14,14
17,15
14,14
17,14
15,15
14,16
14,15
13,14
14,15
14,14
13,15
14,13
13,15
14,13
