0,15
19,14
14,15
0,14
21,15
18,15
6,15
15,15
2,13
18,16
26,14
12,14
10,14
10,14
28,13
21,13
14,16
23,16
25,15
8,13
14,15
18,14
22,14
0,15
20,15
7,13
5,16
18,15
27,13
5,16
25,15
14,15
14,15
20,13
28,16
13,15
10,15
18,15
11,14
24,13
0,16
4,14
5,15
12,14
15,14
11,15
1,13
6,14
19,15
4,14
8,16
2,14
19,16
20,14
11,16
19,14
0,12
15,15
16,13
15,16
9,15
20,14
3,14
13,16
26,15
6,14
10,14
15,14
20,13
2,16
27,16
15,13
13,14
10,15
13,13
11,14
3,14
22,16
8,15
24,15
19,14
14,14
12,13
12,14
27,14
26,14
22,13
29,13
17,13
25,14
19,15
17,15
0,15
3,17
5,14
12,14
16,13
13,15
14,12
22,15
11,16
22,15
10,15
28,15
21,14
2,15
6,15
9,14
21,15
21,15
0,15
21,14
24,14
2,14
18,13
6,14
16,16
18,12
0,16
17,14
25,15
25,14
4,16
26,15
2,14
4,14
15,14
19,15
13,15
2,14
4,13
19,14
20,14
7,13
15,16
28,14
26,14
9,13
16,15
25,15
25,15
10,14
4,13
15,15
22,15
24,16
20,15
26,14
4,14
3,14
20,12
24,14
11,15
15,15
9,15
11,16
10,16
29,15
1,15
20,15
3,14
0,15
25,13
6,14
2,14
20,15
6,14
8,16
2,16
7,14
18,13
12,16
29,15
28,14
12,14
19,16
20,14
1,14
21,12
5,14
15,15
25,16
1,16
5,15
3,15
22,14
14,16
28,14
16,14
10,15
