20,15
2,16
29,15
6,15
10,13
3,15
6,15
19,14
4,12
20,15
6,15
19,15
12,15
16,13
22,16
0,14
4,14
26,14
11,14
27,15
28,14
11,15
24,15
16,14
18,15
13,15
20,15
4,13
0,15
20,13
8,13
6,16
2,14
19,15
16,14
23,13
25,16
21,15
24,14
8,12
25,14
7,14
4,14
10,15
16,14
21,13
29,16
24,15
3,14
4,17
12,15
15,14
6,15
13,13
9,15
7,14
24,16
8,15
15,16
14,14
25,13
2,13
24,16
22,13
14,14
4,17
2,14
1,15
25,15
24,16
8,12
28,15
27,14
23,15
6,14
26,15
19,15
1,16
13,15
18,15
26,13
5,15
8,14
27,16
17,14
27,16
10,14
16,14
25,15
26,15
21,14
6,14
17,13
0,14
0,15
19,15
13,16
8,15
12,16
3,13
13,15
4,15
22,14
25,13
1,13
19,13
20,15
14,16
29,13
21,16
3,15
26,14
6,13
6,14
21,13
25,15
7,14
27,14
10,15
15,16
24,14
18,14
26,15
11,15
10,13
9,15
27,15
27,15
0,13
16,15
0,14
17,14
15,14
2,14
2,15
13,15
6,14
19,14
7,12
16,16
