17,14
28,14
15,14
17,17
18,14
29,14
18,14
19,15
27,14
10,15
18,16
12,15
15,15
3,13
3,13
12,13
12,15
18,14
8,14
4,13
13,15
10,14
14,16
7,15
12,15
5,14
0,15
22,15
14,16
0,15
25,14
27,14
11,14
2,15
11,13
6,13
28,15
27,15
15,14
8,15
19,14
19,15
1,14
11,13
25,15
1,13
17,15
3,14
1,15
20,14
15,14
2,14
4,13
5,13
4,14
5,14
10,15
20,15
2,13
5,14
0,14
20,14
22,13
23,13
1,15
25,16
20,14
28,13
28,13
11,16
23,16
7,13
15,16
0,14
16,13
10,16
5,16
3,13
18,13
0,13
7,17
22,13
16,15
2,13
24,16
28,13
0,14
1,15
14,14
26,14
14,14
22,15
16,15
19,17
11,14
19,16
19,14
7,14
22,15
18,14
27,15
19,15
14,14
21,15
13,15
6,15
29,13
16,15
4,13
21,16
