6,14
34,14
33,13
24,13
11,13
43,15
15,14
2,14
16,15
30,15
40,13
31,14
17,15
21,15
11,13
9,14
24,15
28,13
20,15
40,14
24,13
18,14
22,15
14,15
30,14
29,15
18,15
36,16
22,15
22,18
20,15
31,14
16,15
22,16
9,16
17,14
18,15
11,15
32,15
35,15
25,14
35,14
14,14
19,17
28,16
33,14
19,13
26,16
21,14
26,14
51,13
32,14
15,15
34,14
44,14
18,16
15,16
29,15
36,14
19,13
14,15
36,15
22,14
32,16
32,12
12,14
16,15
16,14
23,14
22,14
34,16
31,14
30,15
13,16
13,14
28,15
17,16
17,15
7,14
11,14
33,14
8,14
17,13
29,14
10,14
6,15
30,14
19,15
37,15
36,14
21,15
26,15
22,14
25,14
20,14
50,14
23,14
20,17
32,15
49,15
17,15
29,14
14,14
28,15
32,15
26,15
39,14
13,14
10,13
23,14
22,17
37,14
28,15
26,16
26,16
3,13
25,14
0,14
41,14
15,15
