16,8
14,20
12,19
14,17
17,30
14,35
15,24
15,35
14,29
15,18
15,18
15,29
15,24
14,23
15,19
14,19
15,36
16,32
14,30
14,23
14,12
14,29
16,17
16,1
15,29
18,14
15,36
16,39
15,14
14,24
14,33
14,38
15,14
14,17
13,30
14,16
16,24
15,20
14,7
16,31
15,22
14,26
13,18
14,34
13,11
14,18
15,47
14,39
15,36
16,40
13,19
15,33
14,41
14,44
14,11
13,17
15,8
13,30
14,19
15,15
15,32
15,15
14,37
13,16
15,25
14,24
14,37
15,26
15,23
15,31
14,19
15,25
15,33
13,25
14,16
15,34
13,52
14,37
13,20
15,24
15,20
15,25
15,23
15,22
14,39
15,39
17,37
14,16
14,22
14,29
14,26
14,28
16,12
15,22
13,35
14,28
14,8
15,27
14,24
13,10
13,19
16,6
16,23
14,32
14,34
14,34
16,30
15,11
14,22
14,24
14,30
14,22
16,38
13,18
12,26
16,16
15,31
14,26
15,27
13,36
12,19
14,32
14,20
14,26
14,28
14,18
15,34
16,31
14,53
14,49
15,26
14,22
17,38
14,27
15,1
14,42
15,28
13,15
17,10
16,29
16,20
13,35
15,25
14,34
15,29
13,45
14,39
14,18
15,29
16,22
15,20
16,43
17,17
15,14
14,30
15,28
15,33
17,30
14,23
15,39
15,37
15,33
13,18
15,18
14,42
14,24
14,19
16,10
12,9
15,25
13,22
13,4
14,11
13,8
14,23
15,32
16,32
15,18
16,9
14,20
13,30
17,19
15,13
15,24
14,23
15,28
14,28
15,20
13,10
