16,15
13,13
15,13
14,15
12,15
15,14
15,14
13,13
14,15
14,14
17,15
14,14
14,16
15,14
14,15
16,14
16,15
15,15
16,14
15,13
17,15
14,13
15,15
14,14
15,15
15,15
14,14
15,14
11,15
13,14
14,15
14,16
15,13
12,15
12,15
14,13
15,13
15,16
14,14
14,13
14,14
14,15
14,15
13,14
14,16
16,14
13,16
16,14
16,13
13,16
15,14
13,16
13,15
14,15
16,14
14,12
13,15
14,16
15,15
15,13
13,15
15,14
14,14
16,14
15,14
15,15
17,14
13,14
14,15
14,15
14,15
15,15
14,15
14,14
14,15
14,14
14,16
18,13
15,14
15,14
13,14
16,14
12,16
13,14
15,14
16,15
16,14
15,15
14,15
14,14
16,13
14,15
14,13
15,14
17,15
14,14
15,14
14,13
15,15
15,14
14,13
15,15
13,14
15,13
14,15
14,14
18,16
15,14
13,13
14,16
14,13
16,15
14,14
14,14
16,14
13,13
16,14
14,14
14,17
13,13
16,13
15,14
15,15
16,15
16,16
14,13
16,15
14,16
17,15
14,15
