25,14
22,13
15,15
32,12
41,15
39,14
5,15
41,15
14,15
19,15
22,14
28,14
16,13
22,15
12,15
16,14
42,16
50,13
17,13
35,15
21,14
9,13
37,15
16,14
10,14
17,14
35,14
35,14
13,12
19,15
40,15
17,13
26,15
13,14
35,14
24,14
19,15
24,15
23,16
34,13
28,16
12,15
38,15
30,15
24,14
31,15
21,16
33,15
19,14
24,15
30,15
15,16
13,14
34,14
3,14
28,15
37,17
36,14
32,14
20,14
12,14
14,14
19,14
24,16
14,14
24,14
36,14
41,13
36,14
20,14
43,14
15,16
25,14
24,15
29,15
25,13
29,14
38,16
23,14
29,12
13,14
35,14
40,12
18,15
35,14
21,14
28,16
19,16
23,15
13,14
21,14
23,15
15,13
40,15
31,15
25,14
32,16
29,15
30,15
30,16
16,14
14,15
16,16
18,15
16,14
32,16
25,15
35,14
23,14
31,13
21,15
49,15
25,16
24,16
40,16
26,15
43,13
30,15
31,16
29,15
28,15
23,15
10,14
19,14
47,13
26,13
19,14
33,15
21,14
12,15
24,16
21,14
25,14
22,14
17,15
24,15
37,14
21,16
24,15
22,16
36,15
14,15
23,14
19,15
8,14
42,15
18,14
30,15
29,14
32,14
