16,26
15,6
15,7
13,23
14,16
14,16
12,16
13,28
16,29
15,25
15,5
15,10
13,21
13,6
13,15
16,13
15,21
14,29
14,10
16,11
13,25
15,2
13,1
17,2
15,25
15,24
13,26
15,17
16,1
15,9
14,16
13,28
14,25
13,14
14,9
15,3
15,23
15,10
16,21
14,23
14,2
14,9
13,20
12,22
16,5
13,24
12,8
14,24
13,4
16,20
15,1
15,9
14,23
14,25
13,6
17,2
15,14
15,17
15,29
16,14
16,19
16,16
12,3
13,6
13,10
15,8
14,1
13,13
15,28
15,18
15,15
13,25
16,13
15,19
15,29
14,8
16,12
13,26
15,1
14,10
13,16
14,7
15,12
15,21
16,26
17,5
13,26
14,28
16,7
13,11
16,25
18,13
14,16
15,14
14,2
16,17
14,8
13,12
15,25
16,3
15,14
16,28
13,18
14,9
15,13
13,26
14,19
