0,14
26,14
25,14
5,14
2,14
29,14
16,15
22,14
15,14
29,14
25,15
3,14
13,14
10,13
23,15
19,13
19,13
25,14
28,16
8,15
24,14
5,16
24,13
10,11
22,14
19,14
18,15
12,14
9,16
27,15
6,15
2,15
8,14
4,13
23,14
21,16
11,16
0,16
26,16
13,16
14,15
4,13
6,14
14,15
29,13
14,16
0,13
5,15
9,15
14,14
8,14
15,16
17,17
11,15
15,15
26,14
26,15
9,15
8,15
4,14
23,13
26,14
22,13
7,13
6,15
1,14
28,15
25,16
14,13
26,15
17,14
13,15
2,15
21,14
22,15
29,13
14,16
16,15
3,13
16,14
28,14
5,13
1,14
29,15
4,13
19,14
26,12
27,14
10,12
2,15
29,13
22,15
19,15
21,15
29,15
23,16
23,15
3,14
17,15
23,14
8,15
19,14
3,15
6,16
29,14
24,16
6,13
22,15
13,14
16,14
0,12
12,15
26,13
16,15
19,14
24,16
14,13
13,14
26,14
3,14
3,15
9,15
12,14
17,14
24,13
18,14
10,14
24,16
17,17
10,14
25,15
25,14
13,14
16,15
14,14
15,13
1,15
18,13
27,16
0,14
0,16
8,14
4,15
20,14
26,14
28,15
25,15
22,13
6,13
23,16
20,15
28,15
18,14
5,15
20,14
27,14
0,12
16,14
18,16
23,18
0,15
19,14
18,14
29,15
8,16
8,15
25,15
3,16
0,15
22,13
21,14
3,16
29,16
15,15
26,15
4,16
23,15
28,15
23,15
17,14
