14,17
14,5
15,16
14,9
15,7
13,1
16,12
16,13
14,4
14,6
14,15
14,13
13,17
15,20
15,11
14,24
14,2
12,8
14,19
15,8
16,9
13,15
14,18
15,7
15,20
15,24
16,20
13,24
14,2
13,16
15,19
15,19
16,2
16,21
13,4
14,22
15,2
14,26
13,19
15,14
15,21
15,5
14,22
14,29
16,8
13,19
15,5
13,1
16,28
14,13
14,14
15,24
13,5
15,6
13,19
13,15
14,16
14,28
16,25
15,19
16,29
13,19
15,18
15,18
16,22
15,10
15,11
15,28
14,9
16,22
13,4
14,7
16,14
14,5
13,12
15,23
15,27
14,8
14,13
15,25
14,14
15,25
14,9
13,2
13,25
13,1
12,29
14,26
16,14
15,28
13,26
12,22
14,24
15,13
13,1
15,21
15,21
16,26
14,28
15,1
13,14
16,9
14,20
15,21
15,21
12,14
13,25
14,13
15,17
14,2
14,1
14,4
12,10
15,26
13,9
15,24
14,8
14,12
14,3
14,17
13,4
15,3
14,26
15,16
14,16
16,8
16,26
15,18
14,26
15,1
15,17
14,8
14,27
13,23
14,12
15,25
13,3
16,9
16,21
15,5
16,23
16,26
17,6
14,22
15,19
13,4
