14,29
14,19
15,17
13,29
16,29
14,38
15,34
13,21
14,37
15,24
15,10
14,35
15,28
13,18
17,10
14,17
15,32
14,16
14,27
13,37
14,27
16,30
15,34
15,31
15,39
16,26
15,30
15,21
13,24
16,34
15,24
13,20
13,42
14,23
14,13
14,23
14,10
14,37
14,50
14,26
15,16
14,28
15,9
15,45
16,12
12,39
18,28
12,18
14,28
15,7
15,38
13,22
13,38
15,23
15,19
16,6
14,46
14,42
13,28
15,23
13,16
13,38
15,10
14,25
15,37
13,30
15,36
14,35
15,31
15,11
15,19
14,22
14,31
14,32
13,19
16,23
16,36
15,31
13,5
13,3
14,2
15,20
15,30
14,27
15,37
15,37
12,27
16,15
16,28
13,44
15,33
14,50
13,41
13,18
14,17
15,20
14,35
14,27
16,34
15,26
15,26
12,29
14,35
14,25
15,26
14,28
14,26
15,17
15,16
14,34
13,36
16,17
18,19
14,38
14,16
15,37
15,46
15,23
14,23
15,14
