22,3
27,21
13,17
20,10
26,5
0,5
13,25
2,18
17,21
22,1
14,28
7,8
4,29
22,21
13,10
19,15
27,7
8,26
3,20
9,4
2,10
23,2
21,10
18,18
28,8
0,21
7,22
25,22
29,7
11,10
14,24
4,24
22,20
9,23
7,6
23,22
9,10
13,12
0,29
3,17
1,3
4,9
3,11
10,18
21,7
7,6
17,29
14,27
10,16
4,25
20,22
15,19
21,11
2,21
23,11
22,2
8,4
15,29
24,9
28,8
13,18
5,12
10,21
15,22
14,22
6,27
9,23
19,27
22,10
1,19
13,1
21,1
23,24
27,7
1,26
4,24
25,7
13,10
24,22
8,14
28,10
0,24
4,11
27,20
18,14
2,7
9,23
27,2
29,3
3,5
6,25
7,17
21,20
26,3
5,13
13,16
6,5
11,25
5,12
11,5
25,14
1,21
6,6
0,9
21,9
17,15
29,7
19,15
23,11
22,12
5,26
21,2
16,20
7,19
5,24
12,6
6,13
1,1
24,29
3,4
24,25
23,29
6,29
5,5
17,12
18,3
