11,22
19,13
13,17
20,19
16,1
4,28
5,11
20,16
17,8
9,5
28,29
12,27
22,26
3,3
16,25
4,23
14,21
23,22
5,6
27,16
22,13
3,23
26,19
18,12
24,25
9,13
28,23
11,10
4,27
10,18
15,1
1,14
17,23
0,5
29,10
19,1
1,29
9,28
16,28
16,22
5,16
24,16
6,26
16,16
5,24
4,7
18,17
24,18
1,15
20,20
16,28
2,23
29,20
28,28
7,18
25,8
28,4
26,18
16,23
8,20
8,28
7,20
0,15
25,12
13,10
23,1
16,14
2,11
25,13
3,12
14,28
19,23
23,23
10,12
15,14
10,22
9,26
29,12
16,18
3,11
6,29
21,28
28,17
27,6
16,20
13,4
24,9
27,2
23,16
4,1
23,28
10,3
1,18
8,18
16,16
20,29
19,29
3,7
28,22
12,24
13,24
17,4
29,10
18,24
16,23
4,7
0,1
8,28
24,13
23,2
8,23
11,23
9,24
8,21
5,5
17,12
13,23
15,9
1,17
17,5
16,14
0,28
27,16
10,22
20,28
13,24
22,25
11,20
24,15
2,29
5,24
8,6
26,7
6,10
19,13
15,8
1,6
9,19
8,4
5,9
7,7
19,21
