25,6
23,4
15,4
22,19
8,13
5,25
20,26
5,17
24,5
15,2
21,19
12,23
13,8
7,4
19,5
26,22
29,25
15,20
25,21
17,28
10,8
25,11
11,21
2,14
29,26
17,9
14,22
0,25
7,1
15,13
1,18
6,1
0,27
4,10
27,28
0,18
22,16
28,29
27,16
7,28
16,23
26,15
6,29
1,7
26,4
25,10
5,11
20,25
10,25
14,4
27,10
3,4
5,11
28,26
7,26
26,3
7,2
2,19
6,27
22,4
29,2
20,1
11,15
11,3
24,7
10,5
26,10
15,24
24,13
18,25
6,9
8,7
27,23
2,17
4,25
23,4
2,9
12,17
4,29
14,1
1,21
8,10
27,26
19,13
25,21
5,12
24,1
13,8
6,24
17,18
1,25
4,19
5,25
5,7
18,4
28,11
7,6
11,8
17,4
29,1
0,23
12,22
23,17
15,22
10,13
17,13
25,3
19,12
14,29
13,4
3,20
2,2
24,24
21,1
7,28
15,7
10,19
8,9
28,4
8,3
28,6
3,5
29,19
17,9
6,1
5,9
19,8
25,9
12,13
9,26
4,28
15,1
9,18
26,19
22,25
10,5
23,7
15,21
21,13
27,17
5,9
18,26
10,13
29,2
8,8
14,10
2,19
24,6
9,21
16,27
6,12
18,29
20,12
