16,8
16,29
22,21
11,2
1,20
9,7
23,16
20,16
1,4
14,8
1,13
12,11
2,4
4,16
3,14
3,1
4,13
4,12
1,2
17,3
14,21
5,9
3,15
9,21
6,25
5,28
7,24
15,6
25,28
12,8
9,25
24,21
10,22
8,5
12,14
5,25
29,4
20,22
25,26
21,25
12,7
16,25
10,23
6,5
9,7
6,24
26,1
14,12
10,2
10,27
20,11
0,16
17,11
12,17
17,22
28,12
16,5
20,19
13,4
26,28
3,3
0,18
26,6
1,17
0,26
18,29
10,26
25,11
10,9
17,5
0,15
8,28
11,18
9,29
25,25
3,5
19,20
10,16
20,9
19,8
21,29
6,14
21,17
6,26
20,5
10,26
17,28
27,18
22,16
22,16
12,23
27,28
18,28
15,3
25,24
20,9
25,25
4,7
1,5
21,24
4,27
28,19
1,1
13,23
23,28
28,29
16,13
27,22
16,3
