11,3
2,27
0,4
15,8
6,18
11,3
1,22
8,15
20,17
12,6
5,29
4,12
22,26
6,20
5,21
9,15
13,24
22,14
5,1
0,9
1,27
8,27
24,26
13,29
2,20
2,12
29,1
17,8
8,5
25,1
27,12
24,3
29,28
27,5
10,20
22,27
16,2
20,11
5,12
13,23
1,14
29,20
22,5
15,25
17,24
10,3
15,29
26,20
24,10
21,21
25,7
24,4
28,24
23,25
5,8
17,11
18,1
12,25
19,21
28,29
17,19
8,7
24,16
5,14
17,2
10,3
13,28
26,16
16,15
0,16
29,5
26,27
20,29
13,5
23,3
23,25
8,29
9,21
9,23
17,13
21,14
21,1
5,26
24,14
1,27
2,26
27,23
28,2
0,12
8,9
26,19
9,14
24,29
28,27
5,27
20,24
6,11
18,6
3,6
8,5
24,8
2,3
9,9
11,19
28,21
25,20
11,5
15,21
2,14
23,20
13,15
20,27
23,18
19,2
21,9
17,19
29,19
29,8
6,29
20,1
27,13
15,4
14,23
9,16
21,9
14,11
19,4
6,3
19,21
25,6
20,4
22,24
13,25
13,26
18,22
12,11
12,29
8,21
6,26
7,20
9,19
0,4
3,4
8,24
18,8
13,11
26,11
17,18
21,12
14,26
8,10
4,7
0,16
13,14
12,20
5,11
2,23
8,27
2,20
24,11
9,28
15,25
19,29
5,21
17,16
20,9
21,23
23,8
28,14
13,28
26,10
13,21
0,29
14,15
27,17
17,24
1,13
17,15
26,4
11,12
26,12
24,16
