14,1
8,12
16,10
25,24
22,29
4,18
6,6
0,11
2,6
8,18
23,26
4,2
11,8
1,29
21,9
13,20
4,27
26,7
11,18
7,24
21,21
1,28
26,21
18,4
13,8
12,8
15,15
1,3
14,12
18,7
14,9
1,28
12,19
16,12
18,12
29,11
5,14
16,15
11,10
27,16
9,27
5,25
2,24
16,7
20,26
14,10
11,21
19,22
25,20
6,29
21,20
9,28
2,6
26,2
26,11
9,10
22,19
24,4
24,29
22,29
0,22
12,13
0,7
19,29
29,2
8,17
28,7
29,12
17,4
3,3
26,14
27,13
14,21
6,1
26,11
9,19
18,6
29,2
15,22
25,14
14,3
7,6
20,9
26,7
20,19
27,4
18,14
7,22
15,9
17,25
3,10
16,24
23,19
1,1
24,25
9,13
6,17
4,9
5,9
4,9
9,29
1,22
27,4
27,27
3,14
9,22
8,15
8,9
4,21
27,6
22,26
15,10
7,22
2,19
6,28
0,5
27,2
3,11
17,20
17,12
14,20
28,14
2,15
9,6
14,17
12,15
26,6
25,25
0,11
29,20
15,3
8,6
29,6
23,10
15,3
0,4
11,17
