11,20
11,18
28,10
28,12
25,1
0,23
1,3
17,29
16,19
0,14
7,27
18,14
10,26
26,15
0,12
22,28
17,8
16,5
4,2
7,19
5,29
6,9
24,20
11,23
19,1
25,17
6,17
12,10
26,2
5,12
12,16
12,18
20,29
20,10
27,29
14,14
13,1
5,9
12,7
20,21
26,21
7,28
9,11
15,15
21,6
12,10
5,22
11,27
0,19
17,14
4,8
21,4
9,19
22,17
24,3
17,17
27,15
6,8
20,9
22,15
28,9
5,23
28,22
16,29
23,23
19,18
20,29
26,16
19,13
19,23
0,20
4,13
24,19
16,17
20,21
22,12
1,6
4,15
12,22
1,11
17,15
9,11
23,16
3,7
21,28
8,22
3,7
24,29
13,18
27,26
17,1
24,25
2,18
27,10
8,3
23,9
29,21
7,3
9,19
19,19
27,6
4,18
29,16
0,11
13,22
15,3
10,17
17,19
13,7
19,19
5,22
19,5
9,1
20,25
25,1
17,12
0,6
27,14
1,12
10,1
4,5
15,12
4,18
16,17
20,22
25,5
2,7
15,3
14,5
28,22
24,9
3,23
19,4
29,14
21,25
19,2
4,29
10,1
27,3
29,19
5,3
16,9
7,15
26,27
5,16
8,18
23,13
22,13
5,7
20,24
25,24
15,12
3,21
26,20
15,15
6,14
8,9
21,10
0,4
8,28
0,5
7,7
20,1
20,27
