19,3
1,23
5,23
16,12
13,12
6,5
0,29
9,29
6,9
27,13
18,18
19,29
18,29
1,17
9,8
10,27
24,14
6,24
0,4
12,12
27,19
13,6
12,20
13,16
11,26
10,6
6,23
18,10
9,13
5,19
4,22
23,11
20,4
20,10
24,24
27,20
23,3
3,17
9,12
18,29
24,19
19,6
17,26
3,10
2,29
18,17
15,4
15,13
29,15
4,25
20,9
15,18
8,26
5,7
4,4
10,11
15,21
8,12
17,8
24,10
9,6
14,1
2,10
4,24
12,25
21,11
12,24
25,13
6,13
19,22
10,29
1,16
13,25
18,13
12,16
1,26
8,10
24,2
13,25
1,27
5,7
8,25
6,14
5,13
16,17
25,3
4,19
27,19
24,29
0,2
15,12
21,1
22,2
12,4
3,28
19,25
24,9
26,26
14,15
25,7
5,7
13,26
25,19
13,13
24,23
3,8
21,23
24,9
12,11
9,12
13,2
23,16
7,18
8,23
22,3
3,22
13,23
23,1
