2,14
11,22
9,14
12,3
11,21
19,25
5,24
23,17
23,26
7,17
25,6
27,7
3,21
12,10
24,12
27,10
9,2
13,7
17,23
10,26
5,8
2,10
24,21
21,6
5,2
26,6
28,13
22,26
16,7
25,17
29,20
8,14
7,18
18,11
28,9
19,2
14,12
12,4
3,2
3,24
2,17
3,1
15,7
13,4
21,21
26,21
5,13
11,12
26,14
14,4
21,14
27,20
1,18
14,11
28,17
21,27
12,29
28,24
14,7
16,17
26,16
21,3
27,28
24,10
0,13
25,12
13,21
18,26
17,13
10,8
15,8
5,26
13,7
18,11
5,2
17,3
20,19
25,4
6,14
25,13
27,27
29,25
13,5
0,6
5,8
24,17
8,6
20,17
12,1
29,26
20,7
16,1
7,27
5,11
25,7
19,22
27,27
