6,27
21,28
27,6
4,16
26,14
1,20
4,1
13,11
3,27
12,10
4,3
16,16
18,6
7,13
2,23
6,26
7,12
14,17
10,9
16,8
13,27
1,13
15,13
16,3
9,24
26,21
26,29
7,15
10,13
16,23
0,3
23,29
21,4
11,15
11,8
17,14
6,22
1,25
25,15
15,29
18,20
8,24
29,13
7,6
3,10
6,23
3,25
24,27
21,18
19,21
17,11
8,16
3,17
26,19
25,21
6,16
7,13
27,17
6,28
18,4
1,19
6,3
27,6
20,7
5,18
8,25
14,25
23,18
20,15
4,11
14,2
2,10
22,16
27,18
6,26
5,29
22,18
16,10
18,9
3,1
4,4
5,25
3,6
29,25
24,25
13,10
17,25
22,17
4,25
17,19
11,9
1,2
4,3
27,22
17,4
8,6
20,23
28,27
12,27
26,13
24,19
19,22
6,17
20,3
7,25
29,6
2,27
4,26
11,18
10,13
14,23
14,26
15,1
18,24
9,27
19,11
15,23
10,28
16,3
10,27
16,16
15,8
18,8
14,19
20,24
7,18
22,6
10,2
11,16
11,4
9,21
19,16
5,26
17,22
29,4
14,8
4,23
9,9
10,8
10,15
9,8
17,22
25,28
6,16
10,10
22,5
1,19
20,21
8,16
25,7
21,25
18,29
23,14
18,24
28,6
0,12
29,19
4,5
18,5
16,26
10,20
12,14
2,7
14,21
1,13
18,11
29,17
18,22
22,4
7,17
18,6
6,22
29,18
9,4
3,6
