56,23
63,16
75,9
52,2
65,19
78,9
50,5
64,4
77,29
63,2
76,5
69,11
70,1
51,4
59,18
61,28
62,21
51,27
50,25
70,13
52,12
61,25
68,13
79,29
71,5
73,28
67,24
62,21
78,27
66,18
79,20
72,7
73,29
57,12
66,10
73,12
58,24
59,6
56,16
55,9
78,11
58,20
60,24
64,2
74,2
64,4
70,25
70,7
74,24
56,4
59,11
52,21
52,6
66,6
57,16
73,7
74,25
59,6
60,22
74,19
63,5
66,10
76,1
60,7
68,5
57,23
71,21
79,27
71,8
73,7
66,28
71,10
62,20
76,15
69,10
52,17
66,25
53,4
67,2
70,7
59,22
69,23
78,6
72,29
75,9
52,25
58,18
75,12
55,12
54,4
76,11
66,17
65,14
79,12
57,7
78,14
74,28
56,1
52,22
63,19
73,8
55,10
64,12
58,18
