65,28
52,6
56,19
57,21
78,14
59,29
54,6
68,20
59,4
75,6
52,21
59,18
54,26
76,9
78,13
57,17
76,13
61,20
75,2
55,5
76,9
67,8
76,29
79,17
75,17
62,25
53,28
52,17
67,19
57,2
74,21
59,15
65,6
63,18
69,9
73,7
57,24
68,5
53,27
74,28
65,22
72,8
60,20
63,10
76,1
58,3
52,26
75,6
73,12
68,5
59,12
76,12
53,25
59,4
54,12
50,22
59,17
59,18
67,29
65,20
74,22
62,29
53,25
64,16
58,13
76,26
53,23
63,29
73,13
79,19
76,8
51,11
53,1
51,7
55,3
60,24
58,24
53,4
56,13
76,15
52,2
52,5
55,23
59,9
55,21
51,13
66,20
57,10
58,23
60,5
57,2
52,28
78,9
60,11
59,12
68,1
65,22
55,29
71,21
70,26
52,7
79,25
75,17
75,7
57,17
60,24
63,28
73,14
64,18
78,5
75,12
55,18
57,15
71,21
76,29
59,5
71,28
66,2
60,23
63,6
74,2
52,23
53,24
78,17
63,12
