54,17
66,7
51,3
62,14
56,28
51,8
58,20
62,23
72,27
59,12
66,11
66,13
74,21
53,18
70,2
78,28
79,17
56,3
65,7
71,2
79,15
73,22
53,1
64,25
62,1
52,23
68,18
78,11
51,13
50,12
76,15
72,16
64,12
70,3
66,24
76,13
79,21
65,17
52,15
74,16
69,5
55,6
76,16
72,21
77,29
54,29
52,16
61,20
75,29
67,27
76,17
72,20
74,7
56,25
51,1
66,2
77,6
74,20
63,13
59,5
53,13
72,15
74,9
52,7
72,10
62,17
68,22
53,3
63,21
77,6
66,2
70,21
78,26
67,18
66,23
74,19
50,2
76,28
57,5
71,20
61,29
55,8
66,1
64,29
51,9
65,27
67,5
77,20
62,22
69,14
73,14
74,12
68,18
70,11
52,9
72,18
72,15
62,16
69,7
57,1
60,7
63,22
70,9
57,28
54,20
69,28
50,1
74,18
76,21
67,12
78,6
64,7
72,11
69,26
77,27
61,18
62,7
56,29
68,4
56,2
62,7
58,7
56,12
73,29
64,19
79,13
72,3
57,17
50,22
66,29
69,4
