59,4
75,3
58,8
55,2
57,25
63,15
50,21
69,16
67,25
79,23
70,28
69,24
78,5
76,13
56,3
72,25
59,13
75,15
65,12
72,26
78,6
51,18
75,20
68,4
60,16
51,7
78,7
52,21
77,16
55,7
78,17
56,11
67,28
67,17
57,1
73,28
67,6
71,5
66,19
76,14
63,20
63,21
75,9
76,14
64,24
67,5
67,13
73,20
72,15
70,6
69,9
64,25
79,12
72,24
69,18
65,21
72,23
60,22
66,7
76,3
54,16
56,1
69,6
61,28
51,2
67,1
76,9
62,8
78,27
69,7
73,19
71,5
71,22
74,19
61,12
72,25
73,16
79,18
62,16
62,15
74,22
79,5
54,26
52,4
55,26
53,8
58,25
52,6
72,28
56,16
61,27
76,15
72,22
59,26
61,16
66,11
70,6
66,21
61,20
52,15
70,18
62,20
64,25
70,24
54,13
78,6
62,25
71,17
65,12
70,29
57,1
64,14
70,3
73,29
79,17
