62,20
72,1
66,20
67,15
53,14
78,21
72,16
65,6
65,23
64,17
78,21
70,10
77,2
67,7
62,17
57,21
77,7
56,7
50,6
73,18
75,9
76,27
66,13
76,18
78,18
78,11
72,22
66,24
50,4
63,29
71,28
51,17
73,23
62,24
67,13
61,29
72,1
75,16
76,3
61,12
65,10
60,1
68,20
74,16
55,23
77,9
63,7
53,6
55,24
78,10
65,6
78,21
78,4
79,10
73,29
53,7
65,7
79,4
62,28
58,12
61,27
55,21
64,13
64,9
60,23
72,25
70,17
53,28
60,7
78,10
73,2
57,13
55,29
74,23
52,21
68,11
60,4
75,7
78,4
75,24
58,24
55,7
52,17
65,23
60,28
55,26
71,11
58,2
55,10
54,28
78,13
64,4
72,27
62,18
73,6
51,12
61,21
67,6
79,17
62,12
51,24
79,6
50,17
74,13
56,6
79,22
67,5
54,9
52,13
59,29
69,15
63,11
57,4
79,29
50,24
52,18
78,7
74,4
61,7
78,24
58,16
79,9
61,18
67,16
65,3
59,19
67,13
77,17
65,8
77,16
54,10
75,7
76,23
62,16
78,10
66,13
66,26
79,2
71,26
52,14
61,10
56,29
68,5
73,29
66,29
78,15
77,6
76,26
57,8
65,7
57,5
70,1
71,4
75,17
