52,13
60,16
69,12
58,27
79,6
68,29
54,25
62,5
57,10
79,11
50,14
68,4
54,25
54,23
72,17
74,8
60,6
52,24
53,6
69,14
75,16
60,2
70,9
63,25
78,18
60,27
52,18
52,11
54,26
57,23
67,19
64,1
51,29
70,3
78,16
51,23
64,9
75,18
58,2
77,28
53,22
68,26
62,13
79,8
75,19
61,7
51,17
59,29
70,2
57,16
62,26
72,16
65,13
76,4
65,15
50,11
72,20
78,19
77,16
73,9
74,13
61,21
59,1
73,8
73,4
59,26
50,21
50,22
77,20
78,24
69,8
57,21
70,23
58,4
74,15
70,22
65,26
51,2
79,5
61,26
56,12
57,15
69,9
53,13
68,16
58,12
51,18
64,18
68,26
72,25
63,2
50,16
55,16
67,18
78,18
55,16
53,27
67,12
64,1
55,15
66,19
69,17
74,20
63,20
55,25
78,22
64,23
52,20
73,26
66,3
54,17
75,20
50,15
70,14
77,2
76,22
77,19
54,23
60,13
77,9
78,25
77,3
70,17
62,16
75,8
69,29
70,14
66,7
67,27
57,12
69,18
55,25
78,11
68,20
65,8
51,25
62,14
64,12
57,20
76,26
60,19
67,1
57,23
58,17
69,11
59,5
66,24
50,23
60,2
58,26
54,28
60,12
67,24
60,25
60,23
73,9
65,15
64,26
68,1
59,14
65,2
77,16
68,5
55,14
56,14
64,22
51,9
79,9
61,18
76,19
64,7
74,21
64,4
77,11
72,20
59,26
56,17
50,12
77,19
68,10
74,18
72,16
52,25
79,26
73,8
