70,14
72,17
61,25
74,17
76,23
76,18
62,8
74,4
59,19
72,12
66,12
65,13
50,18
58,18
73,26
52,9
77,11
75,4
53,28
63,29
78,4
63,12
58,15
77,29
68,6
54,1
73,2
67,29
58,14
74,23
55,2
74,21
61,4
78,28
55,17
52,4
73,6
69,7
78,2
73,3
56,18
72,22
70,15
62,28
56,18
51,29
55,27
51,22
65,3
67,6
57,29
75,28
61,25
75,15
72,6
78,13
70,20
52,8
63,28
51,10
72,16
65,22
78,9
70,4
50,1
68,21
63,23
57,21
76,13
61,14
77,20
50,6
66,17
58,7
74,14
57,28
63,3
57,26
50,19
64,5
76,17
50,9
57,6
54,21
54,20
78,10
64,7
75,10
55,21
60,18
66,7
73,20
69,19
76,19
76,6
65,22
