68,3
71,21
55,13
64,3
70,13
76,22
50,7
74,29
62,27
54,1
55,6
56,8
70,5
66,21
73,23
55,18
78,2
70,24
61,26
63,17
63,1
78,29
76,28
72,4
76,26
59,24
60,15
50,24
64,26
76,20
56,8
70,11
71,7
71,22
75,17
70,23
57,23
68,19
75,13
62,29
79,18
68,5
56,6
69,20
58,23
51,18
54,1
65,3
66,2
63,6
72,23
51,2
72,25
58,18
74,6
58,17
56,4
59,25
60,27
52,15
50,5
63,27
74,2
58,12
63,19
63,17
54,27
79,11
54,13
60,7
56,17
77,18
65,18
55,4
51,12
56,8
64,27
59,17
60,10
66,9
52,18
66,24
51,24
61,21
53,5
64,25
71,1
60,27
79,4
66,25
69,23
79,11
73,27
73,15
56,25
69,16
79,22
76,14
70,10
59,20
65,27
77,4
53,21
50,22
61,18
73,17
67,28
65,28
78,10
68,1
73,18
59,7
65,7
79,20
61,14
72,2
55,7
53,22
66,8
63,20
60,25
55,3
50,6
59,26
59,28
50,23
59,20
61,6
70,17
76,6
72,1
71,25
61,28
54,25
51,17
56,3
76,25
51,8
56,3
76,8
75,28
62,20
73,16
52,7
54,17
77,17
60,17
54,12
53,21
68,1
55,4
50,19
70,3
74,12
56,24
56,2
54,16
68,19
64,19
61,20
79,5
51,12
69,19
69,7
61,25
63,11
62,20
70,1
57,26
73,5
71,1
57,13
75,28
53,28
73,29
69,21
79,28
