62,13
63,14
54,27
61,6
68,7
60,21
59,24
61,22
79,28
62,23
69,2
50,10
53,26
76,5
74,14
76,17
62,10
63,13
75,17
71,24
52,2
74,1
76,28
61,19
68,3
63,26
73,6
73,21
73,13
66,14
58,26
67,5
65,18
67,27
68,6
77,1
72,26
64,16
60,11
69,26
68,26
53,18
61,24
77,10
50,29
52,8
76,27
62,20
68,8
60,15
70,29
73,9
66,20
68,23
73,29
59,4
51,19
66,13
70,22
69,2
75,26
70,19
69,10
71,21
78,6
53,8
76,25
77,9
64,26
59,28
61,1
52,12
66,16
59,25
76,26
57,22
50,1
58,21
69,18
70,28
79,17
60,4
70,8
68,3
69,7
65,16
53,7
72,4
78,11
63,12
69,3
69,23
72,23
78,28
51,24
77,10
52,5
70,8
71,20
51,22
56,16
59,23
54,4
54,9
52,27
55,19
75,6
66,4
59,16
64,22
78,21
70,20
71,23
53,19
78,11
59,16
70,8
55,16
57,4
63,18
70,1
55,27
51,11
72,24
69,7
59,27
62,1
63,5
57,6
66,25
51,8
79,26
61,15
52,18
55,25
55,24
55,14
73,23
60,22
72,18
54,3
58,6
65,3
75,21
73,18
57,14
58,9
