56,6
53,20
65,1
50,21
66,20
65,4
66,6
74,9
71,19
70,17
65,25
60,11
74,9
51,9
69,4
53,22
64,25
63,12
75,8
75,2
52,25
52,26
72,21
67,1
73,8
54,24
71,2
79,10
66,27
68,21
76,17
56,29
73,7
76,10
70,16
63,14
56,20
78,1
58,15
71,4
54,10
54,1
61,16
50,17
79,28
63,17
54,12
75,1
52,11
63,11
56,12
53,7
58,24
53,6
73,13
60,11
65,7
55,17
72,7
65,11
54,21
55,14
58,16
70,25
52,2
77,12
77,21
66,19
55,16
64,5
55,8
53,9
54,11
52,3
55,6
61,15
54,21
71,6
66,11
64,1
68,29
65,9
67,3
67,20
66,10
79,18
53,6
64,16
71,27
52,18
59,29
71,6
78,25
54,3
74,17
70,10
70,10
55,20
55,19
59,9
54,3
79,2
66,4
64,10
73,4
60,1
66,6
51,25
66,5
78,23
74,9
71,22
64,13
72,19
71,13
58,21
51,27
67,15
65,24
59,21
69,5
62,13
52,17
54,24
51,18
64,7
61,22
68,29
62,14
71,11
66,7
78,25
67,22
76,23
66,28
70,11
60,22
59,18
57,12
50,17
61,6
76,3
76,3
73,16
56,28
69,28
64,26
79,7
63,5
76,23
55,8
79,25
51,19
78,28
60,8
71,23
79,19
61,4
63,6
71,5
58,10
75,23
66,25
63,16
