1,12
0,6
1,9
2,2
0,21
1,19
0,8
0,3
0,15
1,24
0,23
1,11
2,22
1,22
1,1
2,19
2,28
1,13
2,20
1,29
0,21
0,23
1,8
2,16
0,20
2,17
2,23
2,21
0,14
2,15
0,26
1,13
1,10
1,13
0,11
2,28
1,21
0,29
1,4
2,13
1,6
1,10
1,24
1,14
1,13
0,26
2,18
1,8
2,12
2,26
0,15
1,16
0,8
0,19
1,2
2,24
1,29
2,8
1,1
1,9
1,26
0,22
2,14
0,19
1,12
1,14
2,13
1,18
2,7
2,10
1,23
0,27
0,1
1,20
0,10
2,21
1,11
2,15
0,8
0,21
1,5
1,28
1,23
1,6
0,8
1,29
2,4
1,15
0,9
2,3
0,2
2,22
1,23
2,12
2,20
0,7
2,15
0,27
2,11
2,25
2,29
2,2
2,12
1,4
0,29
2,22
