2,6
0,17
0,28
2,6
0,14
0,28
2,22
2,26
1,6
2,8
0,7
2,15
0,16
2,11
0,16
0,22
2,2
1,20
0,8
2,17
1,18
2,8
1,29
1,9
2,22
1,9
0,12
1,3
1,15
0,20
2,26
0,14
1,23
1,3
2,22
2,7
2,17
0,3
0,28
0,29
1,9
0,10
0,19
0,7
0,29
1,24
2,15
1,12
0,19
0,12
2,28
2,22
2,10
0,5
1,11
2,4
1,22
2,9
1,27
1,24
2,17
1,3
2,21
0,5
1,10
0,21
2,10
0,16
1,11
0,11
1,5
2,12
2,23
2,14
0,9
2,27
0,18
0,4
0,1
1,24
2,4
0,25
2,14
2,12
0,4
1,17
2,2
1,4
0,29
1,1
1,25
1,8
1,25
2,21
2,22
2,16
1,8
0,28
0,2
2,29
1,12
2,26
1,12
2,15
1,14
2,29
2,7
0,12
1,15
0,6
1,8
0,10
1,23
2,5
1,20
1,28
1,4
1,14
2,29
0,12
1,3
1,20
1,28
0,17
1,6
1,19
0,18
