1,9
2,5
1,19
2,13
1,10
0,14
2,15
0,2
1,22
2,11
2,6
1,4
1,19
1,9
2,22
2,5
2,7
1,23
2,24
1,5
0,8
0,29
0,15
2,13
1,4
2,23
2,24
0,14
1,13
1,28
1,11
1,16
1,25
1,22
0,24
1,9
2,23
2,4
2,15
1,25
1,19
0,27
1,20
0,2
0,18
1,28
0,21
1,15
0,20
0,29
0,13
2,11
0,25
1,28
1,15
0,3
0,15
2,7
2,5
1,19
0,19
1,19
2,19
2,18
0,4
2,25
0,6
1,28
2,20
0,19
1,25
2,1
1,26
0,26
1,17
2,29
2,10
1,9
0,13
2,20
1,6
0,14
0,28
2,10
1,22
0,29
1,23
0,6
0,7
0,6
0,29
2,19
0,19
1,27
1,20
1,21
2,6
0,17
0,22
1,4
2,27
1,20
1,8
1,21
1,1
2,17
1,17
2,21
2,20
2,6
1,23
1,19
0,22
0,22
2,23
0,23
1,8
1,17
0,1
0,6
2,19
1,1
0,13
1,22
1,16
1,29
0,10
2,11
1,26
0,23
0,1
1,19
2,22
1,18
1,17
1,1
