1,9
1,5
0,3
0,24
2,16
2,5
2,22
1,16
1,2
0,15
2,21
0,23
1,22
1,13
0,26
1,9
0,16
0,11
0,11
1,2
0,17
2,9
1,3
2,12
0,17
1,5
1,1
2,1
1,7
1,2
2,21
0,1
0,26
2,28
2,20
0,29
1,29
2,13
2,7
0,19
1,12
1,19
1,7
0,9
0,15
0,18
1,19
1,22
1,21
1,16
0,25
2,24
2,14
2,12
2,9
0,15
1,20
0,13
1,17
1,25
0,27
0,25
0,27
0,15
2,14
1,20
0,17
2,11
1,27
0,26
2,3
2,1
0,1
2,7
1,6
1,6
1,2
2,20
1,3
2,12
2,6
2,21
0,14
1,27
1,3
0,17
2,10
1,5
2,12
1,13
1,19
2,22
0,29
2,11
1,14
0,8
0,12
2,13
0,21
2,25
0,11
0,19
0,25
2,25
2,22
1,22
1,3
0,1
0,18
0,12
2,24
0,22
2,21
0,22
2,27
2,23
0,2
