1,20
1,15
1,4
2,29
1,28
1,8
2,18
0,11
1,14
0,22
1,20
2,3
2,27
1,29
1,18
2,11
2,24
1,25
1,23
1,29
1,20
2,5
1,24
2,4
0,24
2,15
2,11
2,29
1,7
2,25
0,18
1,18
1,25
0,17
2,15
2,14
0,20
0,14
1,21
2,23
2,10
1,6
2,1
1,29
0,8
2,13
1,5
0,27
1,28
2,15
0,16
0,18
2,4
2,6
0,20
2,28
1,8
2,12
2,28
2,27
2,7
0,5
0,25
0,2
1,18
1,20
2,1
1,4
0,8
1,19
2,11
0,3
0,20
2,29
1,19
1,28
0,23
0,12
2,11
0,15
0,5
0,23
1,12
1,21
2,1
1,15
1,9
2,3
0,8
0,29
1,27
1,4
0,27
1,9
1,22
1,6
0,14
2,16
0,4
2,5
1,15
0,16
1,1
0,15
0,24
1,14
2,12
2,2
2,25
0,3
0,9
1,3
1,8
2,2
1,21
0,25
1,16
2,14
2,16
0,26
2,2
2,14
0,21
2,16
1,12
2,1
1,10
1,26
1,28
0,5
0,23
2,8
2,18
2,9
0,25
2,7
2,9
0,17
0,8
2,5
2,17
1,10
2,4
2,19
2,1
0,13
1,16
1,21
1,24
0,17
0,9
0,15
1,14
1,9
2,13
1,23
2,19
1,16
2,2
0,10
2,19
1,25
2,7
0,14
2,18
2,11
0,8
0,24
