1,5
2,22
2,2
1,21
0,15
0,26
2,1
0,19
2,27
2,3
1,12
2,27
2,12
2,13
0,22
1,27
0,9
0,7
2,4
2,29
2,15
1,12
0,1
2,2
0,8
1,8
0,25
0,28
2,22
0,15
2,17
0,18
1,11
2,5
2,18
1,21
1,1
0,10
2,1
0,2
1,26
2,8
2,6
0,20
1,8
0,1
2,5
1,21
0,13
0,28
0,9
1,23
0,17
1,29
0,1
1,27
0,28
0,27
1,5
0,6
1,12
2,28
0,3
0,8
2,18
0,17
2,26
2,10
2,25
2,3
1,18
0,3
0,3
0,14
1,29
1,28
2,12
0,3
1,18
1,28
2,19
1,20
1,2
0,11
1,12
0,22
0,16
2,26
0,15
1,20
2,18
1,24
0,17
1,6
1,7
0,5
2,20
1,11
2,26
2,13
0,28
2,1
0,12
1,3
0,3
2,8
0,16
2,20
0,14
0,9
1,10
1,15
0,16
0,7
2,3
0,11
2,21
0,24
1,12
0,8
1,8
1,19
1,5
2,26
1,8
2,26
1,27
2,6
1,24
2,6
1,3
0,25
1,18
0,26
2,20
0,25
0,26
1,25
2,23
0,8
0,26
2,13
2,28
1,8
0,26
1,17
0,5
0,18
0,6
0,26
2,25
1,25
0,16
0,17
0,11
1,5
1,25
0,15
2,16
2,8
2,17
1,28
1,19
2,8
