2,2
0,29
0,26
2,12
2,29
2,23
1,3
1,4
0,6
0,13
2,23
0,17
1,25
1,2
2,28
0,13
1,11
2,28
0,11
0,4
1,16
2,24
0,19
2,4
2,8
0,6
1,3
1,13
1,8
1,16
1,12
2,2
0,16
0,7
0,21
2,26
2,28
2,12
0,1
0,27
0,14
0,12
1,12
0,22
0,20
0,19
1,12
0,14
0,18
0,3
0,21
0,25
1,25
1,2
1,17
2,28
2,15
0,6
2,27
0,16
2,7
2,15
0,11
0,8
1,14
2,3
2,27
0,14
1,25
1,20
2,5
2,4
2,26
2,4
2,24
1,15
0,17
1,11
0,16
0,17
2,1
2,19
0,15
1,18
0,14
0,29
1,19
0,15
1,10
0,25
1,4
2,12
0,24
0,18
2,5
0,1
0,15
0,19
1,10
0,19
0,4
2,24
0,15
0,5
1,3
2,29
1,14
2,21
2,19
0,16
2,11
0,9
1,29
1,19
1,28
2,25
1,27
2,2
1,20
1,17
2,19
1,23
1,26
0,13
0,11
2,23
2,25
1,25
1,2
0,4
2,1
0,8
1,15
0,18
0,16
0,29
0,11
0,4
0,10
0,13
0,15
0,26
0,15
2,25
0,18
2,4
1,25
0,27
0,12
2,24
0,17
1,12
2,2
2,29
0,21
2,28
2,6
1,1
1,24
0,10
2,21
2,6
2,25
1,7
1,1
1,13
2,11
0,21
2,19
1,11
0,23
2,27
1,19
2,26
2,14
2,28
1,21
0,16
1,27
0,10
0,26
1,2
2,5
0,12
0,12
