2,22
2,21
1,17
1,2
0,14
2,29
2,21
2,14
1,20
0,24
0,24
2,26
2,29
0,16
1,23
1,8
1,4
1,17
1,20
1,7
0,18
0,29
2,20
2,14
2,18
2,4
2,25
2,1
2,20
2,13
2,24
1,25
1,4
1,3
0,9
2,13
1,15
2,18
1,11
0,28
1,28
1,8
0,26
0,25
2,22
0,15
1,29
0,13
0,2
1,15
2,1
2,6
2,16
2,11
1,2
1,19
2,25
2,23
0,24
1,2
1,22
0,22
0,5
2,29
2,5
0,4
0,17
2,1
2,13
0,15
1,11
0,7
2,25
1,4
2,9
1,19
0,22
1,29
0,23
1,29
2,16
2,9
0,1
2,13
1,28
1,19
2,20
2,8
0,4
2,29
1,27
2,20
2,27
1,3
2,22
2,23
2,5
0,23
1,24
1,3
0,18
0,23
2,10
2,6
0,6
1,24
0,20
2,23
2,16
2,18
1,4
2,7
1,17
1,15
0,20
0,17
0,6
1,26
1,10
0,11
2,25
2,25
1,22
2,24
0,24
2,22
2,9
2,26
0,18
2,22
1,20
2,22
0,22
0,1
0,15
2,9
1,12
2,26
0,9
1,23
2,18
1,7
1,8
1,7
2,11
0,2
0,8
2,28
1,15
0,3
1,20
0,26
1,10
2,7
0,17
1,16
