2,13
0,18
0,18
1,8
2,26
2,24
1,24
2,15
0,19
1,11
2,11
1,10
0,24
0,26
1,7
2,17
1,23
0,12
0,28
2,13
0,11
2,4
2,18
1,1
1,19
0,2
1,21
1,7
1,12
1,14
2,23
2,11
2,2
1,14
0,11
2,25
2,16
1,4
1,18
1,12
1,2
2,17
1,7
0,15
1,26
2,27
0,1
1,29
1,14
1,3
2,16
0,24
0,28
0,7
0,4
2,27
1,23
2,23
2,14
2,8
0,19
1,8
0,8
2,29
2,15
0,28
1,25
0,26
0,17
2,21
0,11
2,25
0,12
2,24
2,19
0,4
2,24
2,23
2,2
2,27
2,16
0,24
0,1
0,7
1,4
1,11
2,4
1,16
1,29
2,3
2,15
0,7
0,1
1,22
2,15
0,10
0,7
2,5
0,3
2,26
1,26
1,16
1,27
2,13
1,28
1,26
1,20
0,17
1,27
2,18
1,3
1,21
0,1
0,1
2,8
2,11
2,18
2,14
2,7
2,9
2,18
1,5
1,5
1,24
2,5
2,9
2,21
1,19
2,25
0,22
2,6
1,16
1,17
2,11
0,16
1,3
1,12
1,2
1,7
2,15
1,1
0,18
0,2
2,13
0,10
