2,22
1,10
0,15
0,2
1,18
2,13
2,3
1,3
2,7
1,29
0,17
2,17
0,26
0,2
1,4
2,22
0,2
2,26
2,2
2,18
0,5
1,4
2,12
1,27
1,26
1,8
1,8
2,7
0,18
2,13
0,0
2,23
0,17
0,9
2,10
1,11
0,27
1,17
1,15
0,20
2,29
1,15
2,22
1,26
1,3
2,25
0,28
0,20
2,9
1,15
0,19
2,22
1,10
1,21
1,9
0,3
2,4
0,23
1,5
2,0
2,8
2,24
0,29
1,6
0,12
2,5
1,15
0,17
1,22
1,16
2,16
0,5
1,23
2,20
1,18
1,22
1,16
1,5
0,28
0,24
1,5
1,13
0,6
2,14
2,9
0,2
2,12
0,16
2,25
0,6
2,0
0,24
2,13
1,9
1,10
0,2
1,19
2,14
2,27
1,2
2,23
0,9
2,3
2,1
2,4
1,26
2,23
0,24
0,1
0,5
0,2
1,3
0,13
0,3
0,15
1,18
0,15
0,23
0,23
1,0
0,7
1,28
0,17
0,29
2,21
1,6
1,3
0,16
2,21
0,22
2,20
1,2
0,27
2,26
1,21
0,4
0,10
2,20
1,28
0,4
0,12
1,18
1,25
2,29
0,22
0,24
1,20
1,10
2,21
2,0
2,25
1,16
1,24
2,11
2,4
0,8
0,27
0,5
0,25
1,16
1,22
0,20
1,4
2,11
0,14
1,10
2,23
1,16
1,20
1,15
1,19
0,12
1,13
0,29
0,13
1,14
1,17
2,4
1,20
0,7
2,15
1,14
1,22
2,15
1,10
0,7
1,22
2,29
1,24
2,19
0,8
2,21
0,10
2,16
0,15
2,0
1,15
0,25
1,18
2,5
1,24
0,24
2,24
1,24
2,17
1,22
1,15
2,7
2,5
2,21
2,1
1,4
1,13
1,7
0,1
2,7
2,27
1,20
1,16
1,17
0,18
2,13
1,2
2,12
2,17
2,15
1,20
1,17
0,4
2,22
1,21
1,29
2,22
0,12
1,7
1,0
1,9
1,16
2,26
0,27
0,18
1,11
1,25
0,28
0,5
0,15
0,11
2,25
0,17
0,17
2,20
0,0
1,21
0,27
2,19
0,29
2,11
1,5
0,18
2,23
1,2
0,14
1,27
0,12
0,17
0,20
2,0
0,22
1,23
0,16
1,1
2,0
1,6
1,12
2,26
2,1
2,10
1,13
0,13
1,14
2,13
1,14
2,10
1,3
2,17
2,9
1,22
2,25
2,3
1,23
1,6
2,6
0,3
0,9
2,20
0,20
0,17
2,0
0,25
1,25
0,25
1,18
0,6
0,6
0,8
0,5
0,10
2,9
0,16
1,12
1,28
2,23
1,8
0,10
0,22
2,12
0,22
2,25
0,24
2,18
0,17
2,0
1,5
0,23
0,23
0,25
1,14
2,16
0,14
2,20
0,28
1,8
0,5
2,29
0,20
0,13
0,13
0,27
0,11
2,6
1,19
2,13
1,19
2,4
1,14
2,23
0,3
0,11
1,6
2,19
0,16
0,7
1,4
0,11
1,15
0,14
0,17
2,2
0,20
0,1
0,18
2,6
0,27
1,6
2,1
1,26
2,19
1,23
0,7
1,19
2,21
1,15
2,20
1,17
0,15
2,23
0,0
0,1
1,15
2,3
1,16
1,2
2,10
1,27
0,2
2,12
2,7
0,23
1,0
0,23
0,17
1,1
0,11
0,6
0,23
1,25
1,17
0,5
0,12
0,28
1,1
1,2
1,1
1,3
2,23
0,10
1,27
0,10
2,21
0,6
2,16
0,28
2,17
2,10
1,2
0,28
1,26
0,18
0,29
0,21
