2,14
0,6
2,6
2,10
2,27
1,21
0,2
2,25
1,22
2,13
2,23
1,13
0,10
2,15
0,5
2,18
0,5
2,12
0,17
2,1
2,6
0,19
2,24
0,22
1,16
1,26
2,25
2,12
2,26
2,20
1,7
2,8
1,27
0,15
0,8
1,28
2,28
0,2
2,0
1,20
0,7
2,6
0,11
0,0
2,10
0,12
2,17
0,28
2,25
2,26
1,10
1,24
2,1
2,1
2,4
1,2
0,14
2,7
1,25
0,1
2,12
1,12
1,24
2,7
0,24
0,11
1,19
2,7
1,23
0,22
2,8
1,0
2,24
2,11
0,26
1,5
1,11
2,6
2,5
0,0
0,8
0,29
1,11
0,19
2,25
1,16
1,17
1,1
0,26
0,4
0,25
2,9
0,22
0,2
2,26
1,3
2,10
2,8
0,25
0,18
0,23
1,3
2,2
1,0
2,28
1,17
0,13
2,9
2,15
0,11
1,24
1,26
0,2
2,15
1,24
1,27
1,9
2,0
1,6
2,21
2,4
2,28
2,20
2,0
0,29
1,2
0,14
2,29
0,18
1,4
1,21
2,28
1,19
2,6
2,5
1,27
1,4
2,2
1,3
1,16
1,11
0,23
0,2
2,22
2,17
1,17
2,27
1,22
2,27
0,23
1,9
2,24
2,13
0,10
1,10
1,29
0,23
2,11
0,22
1,24
2,21
2,9
2,20
2,0
0,2
0,24
1,27
0,6
2,0
0,26
2,9
0,26
2,11
0,0
0,19
2,22
2,28
1,6
2,13
2,1
2,18
0,13
1,1
1,12
0,7
2,14
0,4
1,24
1,22
2,8
2,28
2,23
1,18
0,0
0,16
1,11
0,7
2,29
0,1
0,6
1,25
0,12
2,17
1,14
2,10
1,9
0,16
2,0
1,4
1,3
2,5
0,21
2,10
1,3
0,3
0,1
2,19
2,7
2,3
1,25
2,4
1,9
1,21
0,26
2,14
1,18
1,13
2,29
2,1
1,13
0,3
2,29
1,17
2,22
0,28
2,10
2,3
2,12
1,26
2,25
1,19
1,27
0,29
1,20
2,16
0,9
0,13
0,18
2,14
0,15
1,18
0,28
0,20
0,0
1,16
2,6
0,19
0,22
1,2
0,21
1,9
1,3
2,5
2,3
2,22
2,11
1,24
1,18
2,14
0,2
2,11
2,14
2,28
0,21
2,0
2,6
1,5
1,6
2,8
1,18
2,13
1,21
2,1
2,14
0,16
1,16
2,8
0,9
1,17
0,25
2,25
1,25
2,19
0,17
0,17
1,26
2,11
0,23
2,27
1,21
2,2
2,9
1,3
2,14
2,23
0,2
1,18
1,29
0,5
2,14
1,25
0,5
1,2
0,19
0,22
1,13
1,1
1,24
1,15
2,27
1,18
1,27
2,20
0,19
0,18
2,25
2,23
1,19
2,6
2,12
1,11
1,28
1,20
1,26
0,8
1,26
0,0
2,8
2,8
2,24
1,12
1,18
0,1
1,7
1,18
0,26
2,1
0,22
2,4
0,14
2,28
0,27
2,24
0,24
0,23
1,23
2,26
0,15
1,27
0,15
0,17
0,29
1,22
0,27
0,21
1,17
0,22
1,14
1,17
1,1
0,13
2,17
2,0
0,12
1,6
1,27
1,24
1,29
2,29
2,3
0,8
1,26
1,18
1,11
1,27
0,8
0,14
1,6
2,0
1,26
2,27
1,12
0,14
1,20
0,7
1,26
2,16
1,5
2,4
2,8
