0,16
0,3
1,16
1,10
0,18
1,1
0,7
2,4
2,9
1,3
1,2
2,19
0,22
0,24
2,21
2,3
0,21
2,3
2,5
0,3
2,20
2,16
2,7
2,19
0,2
0,22
1,23
1,8
1,15
0,21
1,9
2,24
0,0
2,6
2,26
0,4
0,19
1,19
2,9
0,1
0,9
2,25
2,20
2,10
0,8
0,8
2,17
2,22
0,25
1,21
2,16
0,3
2,10
2,12
2,13
0,1
0,25
2,0
2,23
0,5
0,8
1,12
2,7
1,0
1,5
0,15
1,14
1,14
1,23
0,7
1,16
2,13
1,27
0,7
1,14
1,7
2,10
2,22
1,28
1,3
2,4
2,9
1,7
2,12
1,17
0,14
2,14
1,3
0,28
0,3
2,9
1,20
0,25
1,14
1,15
0,25
0,24
1,20
2,8
1,7
0,11
0,4
0,26
2,13
0,10
0,2
1,28
1,13
2,18
0,18
0,4
2,11
0,2
2,29
2,17
1,17
0,13
2,4
0,29
1,26
0,9
2,28
1,5
2,21
0,12
1,24
0,29
2,21
2,20
2,17
0,6
2,13
2,24
0,28
1,3
2,1
1,19
0,12
1,20
0,13
1,4
0,28
0,12
1,22
1,5
1,23
2,16
0,8
1,23
0,24
1,2
0,5
1,6
2,29
1,29
2,22
0,15
0,21
2,21
1,10
0,25
1,29
0,9
0,9
0,21
1,0
1,2
2,18
2,21
1,26
2,13
2,28
2,15
0,13
2,25
2,23
1,7
1,24
2,18
0,24
1,9
0,8
0,9
0,20
1,6
1,13
1,4
0,16
2,13
1,28
2,9
1,18
2,4
1,23
0,26
1,19
2,4
2,28
2,23
2,6
0,6
0,9
0,21
2,6
1,17
2,0
2,10
1,27
2,4
2,14
0,9
2,17
0,24
1,27
2,29
1,4
0,22
2,15
2,8
0,27
2,7
1,3
2,21
0,9
1,21
1,21
0,24
1,1
1,12
2,20
2,6
2,0
2,25
1,25
1,13
1,25
1,17
0,16
0,16
1,27
2,16
2,7
1,21
2,10
1,20
2,4
0,24
0,28
2,6
0,25
2,17
2,12
1,13
0,2
0,18
1,8
2,12
1,13
0,24
0,10
2,16
1,2
0,18
0,0
0,26
1,21
0,14
1,10
0,21
0,9
2,12
2,23
1,6
1,4
1,8
1,2
1,4
1,20
2,10
1,24
2,16
0,10
1,0
2,19
2,21
1,28
1,12
1,11
2,6
2,12
2,14
0,19
0,14
1,3
2,29
2,12
1,25
2,28
1,4
0,25
2,16
1,15
0,12
2,25
0,19
0,28
2,29
2,6
1,10
0,0
2,22
1,18
2,2
2,0
2,9
0,9
2,4
0,20
0,24
1,18
2,18
0,9
2,2
2,1
0,4
2,24
2,19
2,14
2,15
0,22
1,9
0,24
1,27
1,19
1,18
0,15
0,12
1,4
2,27
1,13
1,14
1,5
2,12
2,25
2,26
2,29
1,2
2,6
2,29
1,18
1,21
2,16
1,28
0,25
2,12
2,11
1,1
2,23
0,10
2,27
0,2
0,28
2,9
0,2
2,18
0,10
2,17
1,21
0,22
0,27
2,25
0,21
0,19
1,1
0,4
2,21
0,13
2,12
0,22
2,19
0,11
0,29
2,24
0,16
2,22
1,20
0,10
0,4
1,0
1,21
0,3
0,10
1,15
2,18
0,27
1,11
1,9
2,1
2,12
2,1
2,4
2,17
0,11
0,22
0,29
2,1
2,15
2,11
0,10
0,11
