40,20
29,12
19,34
9,4
17,29
36,22
16,25
32,16
37,30
18,35
18,21
10,23
11,18
24,38
47,45
23,28
19,15
17,34
39,22
28,23
23,22
14,6
14,21
19,24
25,27
26,32
34,31
32,26
31,20
31,8
33,21
25,32
38,21
36,13
19,24
31,20
53,36
14,36
26,19
26,30
41,3
26,25
41,43
15,22
36,25
28,28
17,6
33,22
36,25
30,22
14,30
49,18
28,17
38,30
28,26
29,19
23,15
15,17
31,36
21,14
16,24
32,10
10,23
32,26
33,35
21,15
21,21
15,22
32,35
19,26
18,34
19,5
10,43
20,26
24,26
31,23
26,10
35,23
5,30
20,16
30,10
30,21
49,19
31,35
30,22
21,26
34,4
40,18
15,17
35,23
9,22
33,33
24,19
37,21
29,39
28,34
11,26
22,8
18,19
11,26
22,18
19,26
35,35
34,13
22,23
26,9
14,15
4,25
34,12
9,15
16,32
43,49
15,14
30,36
22,12
30,32
5,18
25,33
39,33
41,14
16,22
15,36
29,10
18,25
38,59
24,15
13,21
27,36
31,35
19,28
16,15
45,18
9,22
43,35
40,18
35,30
24,17
23,30
49,10
9,15
23,31
30,37
32,42
30,25
13,30
21,8
8,32
27,19
10,35
29,33
30,26
29,22
29,18
10,34
25,27
40,22
36,32
28,29
21,13
