32,11
1,10
30,26
12,16
14,23
21,15
20,29
44,16
34,26
26,12
33,0
31,29
29,17
26,8
7,17
14,22
29,10
56,1
16,27
4,18
16,19
26,9
22,7
29,15
44,18
30,7
6,11
5,4
42,13
21,9
7,11
10,29
18,28
30,20
14,1
22,25
14,13
23,26
15,19
25,23
36,2
33,20
8,4
29,27
32,16
11,25
29,3
42,9
23,7
12,18
22,28
28,1
12,17
34,25
7,21
15,22
29,20
31,10
19,14
30,4
38,29
19,27
4,27
36,28
23,2
14,15
18,13
19,12
34,18
23,13
36,16
16,18
26,15
36,4
17,18
20,7
34,0
11,15
15,5
31,19
20,15
26,16
30,27
24,5
21,5
38,0
22,0
17,27
33,15
23,8
31,21
23,27
14,11
38,20
27,0
19,2
21,27
31,15
3,2
20,26
