17,31
34,29
30,8
23,30
28,28
23,19
24,27
22,30
32,9
22,11
21,9
35,39
42,35
39,30
32,16
25,16
30,21
12,28
19,22
8,16
29,32
17,24
20,39
23,14
16,32
32,27
18,26
36,44
26,27
31,38
15,19
19,40
24,12
21,35
9,20
18,31
11,27
0,30
47,24
14,22
32,24
17,17
22,40
34,22
47,30
17,23
33,15
29,38
46,22
46,24
27,16
23,19
34,3
28,23
20,35
52,11
10,41
9,10
29,26
29,16
24,23
19,24
21,20
8,18
17,16
21,29
24,31
6,6
29,16
30,26
22,25
32,33
8,20
38,27
37,30
16,42
33,15
22,40
22,42
14,38
17,33
33,30
27,41
18,25
28,33
34,18
39,26
10,26
25,31
11,32
22,11
27,19
19,14
15,15
27,13
41,38
28,22
15,17
24,28
26,31
23,21
41,12
22,25
44,20
23,25
20,21
9,16
20,40
20,10
11,21
21,21
19,33
26,38
30,33
29,30
17,20
12,23
41,17
37,29
21,21
20,30
31,38
3,42
31,14
32,20
32,31
23,37
16,20
10,34
14,17
37,28
23,47
33,22
37,24
14,26
20,27
16,19
17,42
16,38
20,35
13,20
31,38
28,12
19,14
27,34
17,39
38,25
31,41
0,20
18,18
15,25
15,16
27,21
24,29
12,24
16,21
20,36
17,1
15,18
24,33
28,19
25,31
36,26
20,25
8,5
25,24
18,33
28,37
26,35
