1,19
11,18
0,20
3,8
15,9
0,37
21,27
8,35
22,36
14,26
1,21
29,25
25,24
15,29
4,19
16,18
3,24
26,35
28,42
19,42
28,33
7,38
19,37
14,18
13,32
1,27
14,21
17,33
1,31
16,28
29,20
25,6
27,12
13,21
15,25
25,34
19,29
21,14
7,27
22,32
28,22
25,27
2,24
1,31
4,23
1,25
8,21
18,31
10,13
29,30
25,8
16,2
28,31
16,35
21,12
21,20
23,32
21,21
1,20
23,35
25,17
12,46
22,24
20,15
0,22
8,18
2,40
8,36
26,46
26,14
1,18
17,9
3,39
22,25
9,20
1,45
16,28
14,31
22,29
2,22
18,40
2,20
7,38
6,14
28,14
21,28
11,45
7,20
9,33
5,24
17,28
0,32
0,4
11,25
18,20
13,18
7,11
24,27
2,26
5,35
5,37
2,0
2,15
15,39
17,18
23,6
28,35
7,9
4,8
13,34
7,33
13,33
28,43
4,43
1,41
18,31
19,36
7,24
18,14
20,26
5,27
29,23
28,35
21,22
6,27
5,25
23,19
7,20
