29,15
0,36
5,7
10,24
26,50
26,53
27,29
23,45
12,9
7,34
22,15
27,18
19,27
5,30
2,22
15,21
3,26
25,25
16,22
16,10
1,45
2,39
11,19
18,15
8,19
5,36
29,20
22,20
0,40
9,28
3,15
11,17
11,31
14,25
23,18
4,18
25,36
17,20
22,38
15,35
23,23
4,36
12,12
28,18
14,10
24,31
11,8
11,10
21,17
8,19
3,12
23,22
24,28
12,15
13,30
29,30
1,22
10,7
29,23
2,39
2,27
19,16
28,34
10,32
1,46
2,28
22,46
5,17
8,16
15,17
0,25
21,20
1,32
20,22
26,31
22,19
13,18
14,17
16,33
13,18
19,41
10,49
24,36
14,24
9,26
17,18
14,12
25,24
5,31
12,2
27,39
1,13
1,25
28,26
29,23
2,22
18,22
29,13
14,33
21,15
23,32
20,21
21,34
20,37
0,41
22,20
13,44
3,27
27,31
22,31
17,8
3,19
1,26
13,16
20,44
20,36
16,41
5,18
5,31
14,21
10,15
10,37
17,39
5,19
7,40
16,21
20,31
9,36
7,33
7,22
26,24
2,4
13,29
10,22
17,38
14,30
25,10
11,25
11,25
