13,11
29,21
8,24
19,31
23,18
3,27
29,23
20,8
3,25
12,32
9,5
17,23
8,29
28,19
23,21
19,29
15,22
6,21
25,38
15,24
8,22
17,34
7,37
18,17
16,24
9,36
14,27
0,43
27,20
11,24
0,35
4,38
20,11
13,23
12,1
26,38
4,28
14,23
6,42
2,18
21,19
1,16
17,21
6,0
16,25
23,11
6,18
10,1
3,35
17,22
24,21
16,14
21,12
11,11
2,17
17,21
16,18
10,28
5,16
3,13
20,31
28,47
20,54
20,23
23,42
12,18
7,31
8,26
22,31
9,13
15,32
27,20
2,7
15,42
16,15
15,29
5,31
7,43
29,14
11,29
19,24
26,19
23,29
0,0
1,16
29,22
4,25
18,30
21,33
24,40
7,25
9,27
25,26
18,17
29,27
18,22
26,11
21,19
14,17
10,14
22,23
25,3
8,31
28,32
20,25
8,43
7,23
3,31
10,36
14,14
24,23
4,31
29,24
4,25
28,25
2,21
3,20
10,52
17,17
18,14
27,28
10,24
20,20
7,22
0,12
22,15
7,26
24,40
0,47
20,33
8,34
4,25
26,23
26,15
9,19
11,15
8,27
5,23
14,5
22,28
21,27
7,22
18,36
20,38
24,21
21,29
29,19
18,29
