32,33
42,12
16,31
32,20
33,23
21,35
35,20
42,19
37,25
9,12
39,35
25,25
22,20
18,42
15,23
36,26
28,20
12,24
40,11
35,26
30,9
27,28
41,13
32,27
22,15
34,41
33,36
10,38
21,33
21,34
14,14
30,15
26,27
23,14
24,12
24,6
32,19
31,35
8,16
39,18
15,27
23,30
27,22
33,27
11,22
18,12
10,22
30,17
19,29
37,25
13,23
28,37
39,23
22,39
29,3
27,15
33,15
40,24
32,24
11,15
32,41
20,31
16,12
32,30
12,23
18,18
24,31
17,29
30,26
18,25
18,40
21,30
35,33
26,21
25,26
14,9
19,21
28,15
32,15
13,34
30,39
23,16
17,17
28,35
25,13
16,28
4,25
17,26
18,30
17,33
24,40
31,26
30,18
26,16
33,19
27,18
18,9
30,37
50,35
42,16
13,29
26,25
26,46
24,19
20,25
12,13
24,34
33,13
18,20
42,24
8,20
28,21
29,29
17,33
22,24
23,39
26,23
25,23
27,30
29,17
24,38
20,32
21,20
31,8
42,46
26,14
32,9
2,24
33,9
32,8
26,25
23,14
15,17
20,22
5,28
25,27
20,31
33,0
37,35
28,10
23,30
31,43
40,20
19,13
23,38
23,26
16,35
39,17
36,12
31,23
38,25
35,48
18,16
46,35
8,15
10,32
37,21
32,21
7,35
34,19
34,17
16,27
19,13
44,4
30,22
38,25
16,29
22,18
18,36
26,23
23,30
19,17
34,24
27,22
35,26
26,28
36,33
32,32
