14,11
37,10
24,8
29,17
34,25
14,1
24,28
27,25
34,25
26,26
39,23
42,5
35,13
28,11
33,10
31,4
14,9
13,22
25,22
25,14
2,23
14,11
50,11
30,15
39,24
25,0
26,1
28,1
29,29
18,1
25,5
31,25
38,0
7,27
40,17
46,6
22,4
18,29
31,12
25,18
43,11
43,19
28,25
41,12
20,29
33,0
22,19
31,29
20,15
23,15
18,19
16,10
15,26
45,8
18,4
31,26
32,22
34,8
25,18
15,12
23,25
12,25
38,28
21,5
30,14
23,3
33,24
28,1
20,3
14,4
14,26
24,6
14,3
16,15
29,17
46,7
13,7
33,12
10,27
28,25
22,7
23,28
10,21
12,20
11,24
36,27
26,3
44,24
16,20
34,5
34,0
16,6
33,2
30,28
33,11
20,27
29,3
32,21
35,3
10,14
30,12
22,4
25,8
22,3
35,23
7,23
30,20
14,17
10,5
26,7
