30,5
14,17
21,28
15,24
27,18
32,26
41,15
45,14
12,14
17,19
29,7
19,21
17,5
18,29
19,25
26,28
15,26
6,12
20,10
6,1
28,22
17,10
26,26
42,22
13,6
19,13
31,28
29,12
42,5
49,4
13,9
20,15
4,24
9,3
4,3
36,25
25,10
5,26
35,4
4,25
28,5
22,27
23,8
24,13
45,8
27,9
30,16
22,26
11,5
20,12
30,19
10,3
28,5
24,7
20,14
35,19
17,21
30,22
14,23
27,24
18,0
34,9
12,2
29,1
26,8
22,27
41,9
16,28
29,19
31,6
25,10
32,15
8,15
30,22
26,16
22,2
14,14
29,28
21,26
19,6
16,27
4,18
29,24
22,21
14,20
38,29
13,23
29,6
15,0
17,2
20,1
26,12
21,20
40,16
32,24
28,29
19,29
31,14
42,11
23,10
27,18
6,6
47,2
19,8
25,4
17,5
33,8
32,6
39,12
27,12
11,8
19,16
16,22
11,5
28,13
18,17
15,3
30,0
32,21
