6,1
15,24
14,8
27,14
28,22
13,0
12,15
13,15
12,2
24,22
0,20
15,12
11,13
28,27
13,3
17,9
23,14
25,4
9,17
16,29
17,24
3,5
6,26
20,5
9,29
24,6
5,22
11,17
26,17
20,15
3,14
22,25
10,26
28,5
0,20
28,26
21,4
12,20
29,2
10,22
20,24
24,10
10,6
18,1
2,14
15,1
17,21
10,29
13,15
25,7
19,15
6,19
28,13
1,19
4,8
21,9
12,27
16,6
10,2
8,12
13,19
25,12
11,15
12,28
23,16
23,27
6,20
12,6
21,11
22,12
12,0
27,19
7,3
13,21
20,17
22,26
10,9
6,0
3,14
23,22
16,7
28,11
11,28
23,4
8,25
14,4
27,5
1,25
10,12
27,10
29,7
6,18
22,5
9,24
1,25
12,3
10,15
21,16
29,11
13,4
25,6
22,9
12,26
18,23
18,2
4,12
26,10
0,21
5,21
0,10
15,14
11,0
5,8
7,6
23,18
6,3
0,21
22,14
12,7
14,12
3,8
2,29
7,28
1,5
1,13
1,27
23,28
4,17
6,1
19,17
5,25
9,10
18,23
19,24
3,15
8,24
19,5
12,0
12,23
21,4
10,6
23,13
5,14
23,6
6,1
6,21
26,9
7,7
8,14
17,12
26,17
25,2
27,29
24,0
13,21
14,11
19,18
17,1
3,3
25,18
16,11
8,11
16,29
25,6
9,10
18,9
27,0
10,4
2,17
15,24
14,26
24,27
20,3
26,12
17,25
25,5
26,19
6,26
9,16
11,21
21,19
2,0
9,20
10,14
9,20
23,9
15,13
10,3
18,0
2,19
3,14
18,6
25,6
12,24
10,2
5,16
12,26
25,28
4,7
28,6
16,6
15,0
13,2
6,1
3,27
26,7
18,13
4,15
8,14
22,20
7,29
12,12
16,27
10,8
14,13
19,5
21,5
24,28
10,22
5,20
10,5
9,17
4,21
10,8
5,8
25,8
1,16
29,27
8,27
4,17
4,29
23,22
9,17
24,10
22,6
16,1
28,11
25,13
2,5
27,16
5,19
15,24
3,22
8,28
20,20
21,28
3,14
4,13
16,1
19,21
16,7
16,22
6,18
26,13
24,19
18,14
24,17
19,23
22,18
3,3
6,18
1,0
16,24
28,22
23,7
2,24
26,16
23,27
0,20
6,19
15,6
0,4
3,21
9,16
24,22
22,10
19,10
12,21
28,2
26,0
16,2
8,25
3,14
19,21
27,18
8,19
4,26
9,21
17,18
19,10
5,3
27,6
22,2
25,9
25,28
0,9
17,8
25,11
26,2
5,10
11,18
26,4
2,6
28,16
20,8
21,23
8,22
16,29
7,15
13,27
25,12
11,24
8,6
18,27
14,14
0,12
19,16
11,27
9,12
2,3
21,1
4,23
28,0
7,3
1,26
1,8
21,17
20,18
13,24
19,25
14,19
28,4
15,10
13,13
20,3
3,19
10,6
11,28
7,12
18,24
16,8
1,28
4,1
28,19
2,1
8,19
3,0
6,13
12,24
24,19
