12,2
25,7
9,15
8,21
0,9
5,23
8,2
17,8
26,16
9,19
25,3
20,8
8,23
27,13
2,4
22,11
9,14
29,24
20,16
16,8
21,5
2,9
27,11
24,26
19,18
17,10
21,5
26,9
1,26
2,15
5,19
25,21
7,14
14,12
4,14
27,24
15,9
25,11
4,18
11,28
10,27
1,8
10,5
2,22
22,26
5,18
9,11
27,18
10,3
23,25
16,2
7,15
8,19
20,10
12,12
3,8
12,5
0,6
25,5
1,6
20,25
18,7
5,17
14,7
26,10
0,0
5,2
18,4
26,8
15,21
18,22
3,9
11,17
25,7
29,14
25,18
3,29
28,10
7,28
24,23
4,3
12,3
11,24
15,3
22,26
20,28
27,4
13,21
9,3
14,27
3,25
1,16
1,5
13,10
11,1
1,5
0,2
22,21
1,29
22,1
28,16
26,25
5,20
15,22
19,21
3,29
2,24
13,24
10,0
12,22
7,0
17,9
4,11
21,6
19,28
15,4
21,5
8,12
0,14
23,27
12,25
7,26
28,21
29,29
16,29
23,9
13,21
15,15
1,2
5,16
19,0
2,2
7,9
27,4
29,3
24,17
13,6
9,5
0,24
23,3
14,17
5,13
10,27
0,28
21,29
25,5
4,14
25,4
29,14
8,7
14,18
21,19
6,10
26,1
18,23
27,20
26,28
26,22
8,5
27,3
20,9
8,0
29,5
21,8
9,18
25,0
23,8
13,11
14,19
1,25
17,26
2,6
21,8
2,6
28,24
9,2
17,26
17,23
17,24
11,27
1,1
16,19
12,13
22,18
8,17
16,26
11,27
21,17
9,3
10,13
14,8
3,5
21,0
10,12
16,22
0,14
10,19
6,6
28,3
29,4
20,13
0,4
16,14
10,8
29,6
1,12
13,3
16,26
1,19
25,25
19,19
20,25
7,17
12,0
24,21
5,18
14,20
17,28
7,12
13,20
0,8
22,14
3,21
1,25
17,23
26,20
22,18
2,1
22,22
28,2
26,26
19,20
3,8
14,12
23,24
13,5
16,25
7,26
29,9
26,0
22,15
5,18
5,1
8,7
18,26
25,27
4,2
4,22
5,17
3,8
24,27
4,13
11,4
13,18
7,15
16,28
10,26
23,16
22,9
3,24
10,15
29,27
3,7
17,7
28,10
0,15
7,28
20,4
25,11
20,26
29,15
15,12
6,18
23,1
3,18
26,18
25,8
3,3
27,29
12,1
23,11
2,27
28,28
20,22
21,28
24,9
21,17
6,29
7,22
9,11
20,20
4,21
29,24
27,22
4,7
14,5
28,12
21,23
24,9
3,22
6,19
7,23
20,26
8,24
13,17
13,15
20,26
19,9
7,9
9,6
10,14
24,7
6,14
16,6
13,6
3,2
15,7
22,19
13,4
25,13
18,24
7,21
23,9
2,11
20,11
11,6
29,16
8,15
28,12
17,15
11,17
5,25
29,21
11,0
6,21
26,15
21,29
16,26
12,28
8,16
18,3
1,7
2,13
27,29
19,16
27,8
13,12
25,27
29,7
24,10
10,27
13,14
0,15
27,25
19,5
28,14
1,11
19,13
2,2
5,8
