1,18
5,7
6,24
28,9
9,16
7,4
19,18
18,21
17,3
12,5
21,7
13,25
5,4
0,2
2,7
4,2
14,13
22,0
22,28
3,19
26,28
6,16
27,10
23,16
24,28
12,11
12,23
15,2
7,2
3,0
9,21
11,14
18,11
27,23
28,15
24,29
11,21
14,15
28,27
13,22
10,25
18,6
20,13
20,3
8,7
26,4
19,17
17,27
15,1
21,25
25,10
25,18
5,19
6,8
12,6
20,4
4,24
15,22
24,12
1,7
10,6
2,28
5,23
13,4
5,18
20,15
23,0
4,22
22,27
15,12
2,0
19,23
16,19
25,10
7,20
24,21
14,25
12,1
28,7
15,5
8,12
2,24
12,18
14,5
3,11
26,12
0,17
18,12
6,25
28,14
14,2
1,28
4,1
22,27
3,17
0,11
3,17
25,13
2,24
24,4
4,29
16,26
19,22
1,22
28,12
9,7
11,22
8,7
18,5
25,19
14,8
25,8
21,3
24,17
28,24
29,20
4,24
11,1
8,11
8,19
17,12
27,2
14,1
19,11
11,23
10,22
17,2
20,21
27,3
23,23
21,20
27,22
14,23
7,29
16,12
8,13
16,15
0,14
15,11
10,21
27,23
26,7
22,11
18,29
6,14
15,0
22,10
4,10
21,24
17,13
3,29
20,2
0,27
5,6
21,4
11,22
19,10
27,29
20,26
22,18
2,19
6,23
12,23
15,23
16,2
28,24
25,27
25,6
2,15
17,20
6,18
25,19
17,29
29,24
18,3
11,27
5,19
20,9
27,12
1,8
3,10
27,20
6,26
20,28
8,11
22,16
6,9
9,23
2,4
18,15
16,16
9,18
12,13
8,12
9,8
0,6
3,24
14,11
18,26
5,20
13,23
10,2
26,22
1,11
14,7
28,6
23,11
27,9
9,9
19,0
14,6
1,23
19,26
11,13
27,20
29,6
7,0
22,7
8,0
26,19
22,28
22,21
29,16
18,0
8,27
10,23
9,11
22,8
23,23
13,28
26,24
17,7
22,6
21,29
21,26
14,11
15,27
11,25
26,23
21,4
4,5
27,23
29,23
4,0
11,29
9,12
11,2
21,15
15,12
29,0
25,17
1,6
21,17
29,14
11,10
26,5
2,14
3,6
19,28
17,14
17,19
11,20
7,11
10,16
6,7
10,19
17,12
9,8
1,18
13,29
17,28
12,6
29,28
9,20
20,5
8,0
22,8
26,28
18,20
13,8
23,12
21,24
10,24
9,11
3,29
13,19
13,0
2,28
12,4
21,13
10,8
17,28
8,22
2,12
3,22
25,28
23,11
25,3
9,25
24,20
28,28
3,16
9,23
5,27
29,2
7,5
20,18
13,19
3,29
3,2
23,6
14,26
19,5
26,24
27,23
24,10
1,15
25,21
5,20
0,9
20,26
7,22
26,11
26,6
0,17
19,4
6,2
22,24
1,25
26,6
24,5
19,26
9,29
5,7
3,8
16,3
4,29
26,4
18,0
26,22
