71,7
51,26
53,12
78,7
58,29
79,11
66,5
74,16
77,22
62,18
63,1
64,14
66,11
51,17
73,16
60,0
69,2
50,22
55,5
54,28
52,13
59,9
51,18
61,7
54,17
69,16
68,9
51,29
75,10
55,6
59,21
72,20
74,14
71,17
55,21
63,5
65,28
73,4
52,14
54,10
63,12
50,10
60,23
70,29
74,28
56,11
70,9
62,20
59,22
51,0
73,1
71,12
75,20
64,16
59,21
52,16
77,13
63,12
74,25
74,8
65,6
55,23
63,1
69,1
62,1
73,11
61,0
56,22
75,13
71,6
62,12
73,25
77,8
78,13
68,19
57,8
56,18
52,6
73,14
54,26
71,21
66,28
59,13
52,18
57,6
50,29
64,17
56,3
63,2
76,15
65,29
63,3
61,28
57,1
60,11
55,3
55,1
57,19
51,11
76,26
55,12
68,6
70,3
57,3
76,28
53,21
53,6
54,20
75,2
73,5
67,16
79,25
72,8
64,13
58,0
65,1
51,6
55,11
77,16
62,10
67,7
77,0
62,19
77,20
72,1
55,29
71,2
58,20
62,11
75,15
50,14
72,29
54,2
55,18
56,14
58,3
69,20
54,13
56,9
56,29
52,23
65,10
60,2
52,6
61,15
64,19
77,19
78,15
50,12
66,7
75,12
56,11
54,14
62,1
62,7
73,14
59,11
72,12
68,9
74,7
55,3
51,4
62,19
72,22
62,18
74,9
54,23
56,24
70,27
75,29
64,25
73,16
75,0
71,26
67,8
56,2
71,10
61,11
71,28
71,0
76,14
66,13
78,3
62,6
66,6
59,15
79,9
68,24
54,26
69,2
55,9
64,11
63,23
72,14
71,4
69,6
68,27
58,20
77,21
53,13
56,4
66,24
62,19
68,1
75,9
73,18
62,28
55,19
57,5
66,11
61,17
53,6
74,20
57,18
79,26
66,21
76,16
55,25
63,24
64,1
52,6
73,18
65,1
65,5
59,6
67,4
57,24
77,0
69,11
58,25
65,22
61,22
77,8
66,16
53,3
66,26
57,8
77,12
60,15
61,15
62,19
63,9
68,9
72,5
63,27
64,18
78,16
69,9
74,16
57,10
60,21
53,7
58,23
54,7
54,13
72,15
69,24
66,4
75,20
64,21
60,19
51,2
78,14
74,29
53,17
54,27
75,4
58,13
57,22
63,9
65,21
54,4
60,24
66,6
70,16
56,5
65,24
72,26
75,16
57,25
64,20
54,9
56,5
64,7
59,7
55,26
76,25
62,15
52,7
64,27
73,4
68,6
55,8
69,13
75,22
61,28
76,5
64,25
64,7
61,17
73,24
56,23
52,14
53,25
60,0
52,4
71,26
51,11
79,23
53,29
62,28
72,8
77,28
61,2
72,4
68,3
53,1
75,17
50,22
69,11
70,21
74,20
62,4
55,17
65,8
55,28
66,13
59,23
61,13
68,2
63,2
60,29
54,24
75,5
66,23
78,12
77,16
59,25
55,29
70,3
78,4
56,7
76,3
70,19
69,22
77,29
77,7
72,8
50,12
60,8
71,10
68,11
54,5
56,25
75,23
78,28
63,7
76,23
71,10
71,16
51,19
52,0
72,0
60,2
54,8
61,7
76,0
52,6
59,4
62,11
79,3
61,25
50,5
75,12
54,7
56,3
67,21
54,11
66,11
72,14
58,8
64,29
60,19
56,9
71,6
67,26
66,7
74,4
65,9
66,4
