54,1
59,4
56,28
71,29
68,0
52,13
69,6
58,11
61,17
79,27
69,17
68,10
67,28
55,10
57,8
71,4
76,3
54,20
65,28
59,25
67,4
60,21
69,13
62,24
59,10
52,24
66,13
51,4
67,20
68,18
76,11
70,24
65,18
74,15
77,29
69,8
61,6
54,7
65,22
70,12
68,17
75,27
68,18
55,21
58,17
57,12
50,11
78,7
78,8
59,21
61,8
56,4
50,2
65,17
62,12
73,6
55,13
52,24
65,16
51,25
53,7
58,25
58,21
63,10
59,4
64,18
72,13
64,10
76,7
51,15
78,8
76,11
71,18
66,11
52,9
65,15
62,1
61,3
77,21
68,20
57,8
67,26
68,13
79,8
57,24
63,15
52,2
58,4
70,26
70,8
78,27
52,22
61,7
72,23
50,4
65,26
74,27
68,12
72,2
63,6
60,7
63,2
73,23
58,3
62,20
51,3
60,1
77,13
65,8
67,19
75,23
61,4
51,0
64,19
59,18
54,2
56,10
63,5
61,29
72,11
79,6
71,26
50,15
74,27
54,4
63,6
64,9
66,22
60,16
69,16
77,8
68,18
65,3
79,6
51,4
79,27
73,28
70,16
64,4
57,19
53,8
58,12
59,13
75,0
50,20
54,21
77,25
65,20
68,6
69,10
58,11
79,28
70,4
53,22
61,12
63,9
69,10
74,11
70,6
58,3
52,20
76,8
79,8
75,11
53,17
57,10
62,4
64,4
62,25
53,4
55,8
71,3
59,17
62,29
53,27
76,9
56,17
75,22
51,1
56,7
71,9
51,7
74,21
70,15
69,25
75,19
66,6
69,3
79,0
66,11
70,4
65,5
54,15
75,28
78,29
77,19
78,17
65,29
63,15
63,10
70,2
61,21
61,25
66,27
65,27
63,11
73,3
70,4
75,9
59,21
53,8
78,8
57,1
58,4
76,14
64,23
54,18
71,19
74,15
65,6
61,12
53,24
62,3
56,25
71,10
51,14
68,24
51,25
79,3
61,14
61,6
51,6
54,24
58,11
71,4
62,25
65,20
52,11
68,28
52,9
62,9
60,12
78,29
78,15
73,7
58,21
69,21
68,28
70,6
68,2
55,0
50,18
74,19
51,9
55,9
65,29
51,12
54,15
71,24
66,3
60,25
76,24
55,21
68,12
79,12
72,19
73,28
58,26
64,10
74,17
53,7
68,29
54,21
65,18
58,24
50,11
56,7
61,7
74,24
78,14
68,9
57,1
60,10
71,28
79,4
79,26
64,24
75,14
60,8
50,8
56,26
66,27
51,5
70,28
79,3
77,26
79,18
56,18
56,21
60,29
74,8
69,12
50,19
76,22
65,11
61,25
71,28
77,28
65,28
52,0
61,14
62,7
61,26
63,28
71,20
54,6
50,28
55,1
67,2
62,15
76,5
69,24
75,17
75,14
53,27
55,3
64,24
59,18
62,8
60,29
66,22
55,15
69,3
62,0
75,26
60,19
74,17
68,22
69,24
60,1
53,24
55,18
65,2
50,3
52,9
78,4
72,23
64,19
55,10
68,13
67,20
77,13
72,22
67,2
50,12
69,1
58,26
67,6
51,4
66,14
75,4
50,17
69,0
56,10
58,18
70,5
66,24
51,12
73,11
79,11
74,24
69,11
73,13
52,27
61,16
75,9
57,21
66,14
72,20
60,9
