59,6
79,19
69,12
79,3
73,15
68,16
70,0
68,17
70,0
69,15
52,13
75,7
58,5
76,26
70,12
56,14
61,13
69,2
73,19
50,8
57,10
60,2
57,19
77,25
58,0
79,14
53,17
57,1
62,9
76,23
74,11
64,12
64,12
65,16
70,10
55,17
69,3
56,8
52,19
77,23
64,16
61,4
54,7
51,0
55,7
53,26
54,11
69,5
79,4
61,28
51,25
74,20
52,2
55,2
69,18
51,11
77,17
56,8
62,0
72,13
66,14
60,7
72,11
76,5
50,18
79,2
71,8
55,26
60,2
72,6
66,0
66,6
73,26
64,7
58,18
64,3
72,3
70,28
65,8
53,5
61,22
50,16
69,21
53,26
63,6
53,27
51,7
55,2
62,27
70,22
61,1
75,28
52,22
66,20
74,19
60,28
51,2
69,24
54,11
73,17
56,6
54,4
67,7
56,14
72,25
73,14
51,25
55,5
67,1
67,17
74,5
75,16
53,15
74,19
78,7
79,3
62,12
54,6
51,9
72,6
64,11
55,2
62,10
69,23
75,18
75,21
69,0
69,21
54,10
71,0
69,16
68,10
76,6
51,9
52,18
50,24
72,6
52,20
60,15
56,16
68,6
66,13
54,12
58,23
53,6
71,11
65,2
79,17
73,12
53,12
73,18
64,15
73,13
69,25
79,10
52,10
76,5
63,17
76,14
60,24
77,7
59,15
66,0
74,22
77,14
55,9
69,6
78,5
67,22
77,28
57,17
67,15
51,15
78,8
61,16
50,15
55,26
78,28
66,21
55,0
77,21
74,29
65,25
65,3
61,27
77,9
74,5
52,16
50,13
54,16
77,12
74,28
62,17
79,6
56,13
67,13
71,16
72,8
63,27
70,18
66,22
74,19
72,8
73,19
53,5
61,28
76,1
64,29
63,16
69,10
65,12
76,5
54,8
67,22
64,22
76,6
63,21
64,19
52,29
56,22
61,21
59,13
61,15
67,7
71,25
74,3
59,4
58,17
69,23
58,11
72,23
69,26
54,26
53,20
62,20
54,29
53,0
68,7
57,17
74,27
73,21
60,17
64,20
62,22
68,14
54,11
70,21
70,7
71,13
52,18
57,7
58,27
54,4
75,19
63,2
68,1
71,17
71,0
73,23
50,15
79,23
72,6
73,20
54,1
63,13
66,21
71,21
67,11
72,4
56,1
78,0
61,27
56,19
52,5
55,10
58,21
74,6
54,22
69,19
79,1
60,12
51,1
79,8
72,9
70,1
69,24
56,7
56,21
52,4
67,3
74,29
56,28
55,10
73,29
56,24
64,15
71,29
52,28
78,7
58,23
57,19
56,23
68,26
76,27
68,26
67,5
66,0
74,4
68,26
74,27
53,21
69,23
66,16
64,25
63,20
56,25
60,8
64,9
77,18
60,27
77,11
69,0
55,7
66,24
76,12
75,8
59,4
69,5
73,19
62,1
74,5
67,20
65,23
59,23
51,29
67,27
77,7
69,13
65,20
61,14
65,5
59,14
64,6
72,14
52,4
60,0
56,19
57,6
56,12
53,24
70,23
60,16
69,6
65,3
74,14
56,25
58,21
73,16
57,24
72,17
77,29
72,0
68,16
56,1
50,3
66,6
53,8
63,0
59,25
63,11
